compare the results 


-，-，-，-，-，-，-，-，-TEST0-，-，-，-，-，-，-，-，-
Supplys(in rows):
s0	s1	s2	s3	s4	s5	s6	s7	s8	s9	
299	422	194	288	225	215	346	488	307	222	
Demands(in cols):
d0	d1	d2	d3	d4	d5	d6	d7	d8	d9	
357	408	296	269	437	382	435	425	164	373	
delta:1


emd_me:    0.0673999
emd_me_plan:    
299  ;  0  ;  0  ;  0  ;  0  ;  0  ;  0  ;  0  ;  0  ;  0  ;  
0  ;  408  ;  14  ;  0  ;  0  ;  0  ;  0  ;  0  ;  0  ;  0  ;  
0  ;  0  ;  194  ;  0  ;  0  ;  0  ;  0  ;  0  ;  0  ;  0  ;  
0  ;  0  ;  19  ;  269  ;  0  ;  0  ;  0  ;  0  ;  0  ;  0  ;  
0  ;  0  ;  0  ;  0  ;  225  ;  0  ;  0  ;  0  ;  0  ;  0  ;  
0  ;  0  ;  0  ;  0  ;  0  ;  215  ;  0  ;  0  ;  0  ;  0  ;  
0  ;  0  ;  0  ;  0  ;  0  ;  0  ;  346  ;  0  ;  0  ;  0  ;  
0  ;  0  ;  0  ;  0  ;  0  ;  0  ;  63  ;  425  ;  0  ;  0  ;  
0  ;  0  ;  0  ;  0  ;  0  ;  0  ;  0  ;  0  ;  164  ;  143  ;  
0  ;  0  ;  0  ;  0  ;  0  ;  0  ;  0  ;  0  ;  0  ;  222  ;  

emd_opencv:0.0673999
emd_opencv_plan:    
299  ;  0  ;  0  ;  0  ;  0  ;  0  ;  0  ;  0  ;  0  ;  0  ;  
0  ;  408  ;  14  ;  0  ;  0  ;  0  ;  0  ;  0  ;  0  ;  0  ;  
0  ;  0  ;  194  ;  0  ;  0  ;  0  ;  0  ;  0  ;  0  ;  0  ;  
0  ;  0  ;  19  ;  269  ;  0  ;  0  ;  0  ;  0  ;  0  ;  0  ;  
0  ;  0  ;  0  ;  0  ;  225  ;  0  ;  0  ;  0  ;  0  ;  0  ;  
0  ;  0  ;  0  ;  0  ;  0  ;  215  ;  0  ;  0  ;  0  ;  0  ;  
0  ;  0  ;  0  ;  0  ;  0  ;  0  ;  346  ;  0  ;  0  ;  0  ;  
0  ;  0  ;  0  ;  0  ;  0  ;  0  ;  63  ;  425  ;  0  ;  0  ;  
0  ;  0  ;  0  ;  0  ;  0  ;  0  ;  0  ;  0  ;  164  ;  143  ;  
0  ;  0  ;  0  ;  0  ;  0  ;  0  ;  0  ;  0  ;  0  ;  222  ;  


-，-，-，-，-，-，-，-，-TEST1-，-，-，-，-，-，-，-，-
Supplys(in rows):
s0	s1	s2	s3	s4	s5	s6	s7	s8	s9	
172	272	174	352	243	419	496	111	405	308	
Demands(in cols):
d0	d1	d2	d3	d4	d5	d6	d7	d8	d9	
108	225	437	428	496	175	151	119	438	278	
delta:1


emd_me:    0.446138
emd_me_plan:    
108  ;  64  ;  0  ;  0  ;  0  ;  0  ;  0  ;  0  ;  0  ;  0  ;  
0  ;  161  ;  111  ;  0  ;  0  ;  0  ;  0  ;  0  ;  0  ;  0  ;  
0  ;  0  ;  174  ;  0  ;  0  ;  0  ;  0  ;  0  ;  0  ;  0  ;  
0  ;  0  ;  152  ;  200  ;  0  ;  0  ;  0  ;  0  ;  0  ;  0  ;  
0  ;  0  ;  0  ;  228  ;  15  ;  0  ;  0  ;  0  ;  0  ;  0  ;  
0  ;  0  ;  0  ;  0  ;  244  ;  175  ;  0  ;  0  ;  0  ;  0  ;  
0  ;  0  ;  0  ;  0  ;  237  ;  0  ;  151  ;  8  ;  3  ;  0  ;  
0  ;  0  ;  0  ;  0  ;  0  ;  0  ;  63  ;  111  ;  0  ;  0  ;  
0  ;  0  ;  0  ;  0  ;  0  ;  0  ;  0  ;  0  ;  405  ;  143  ;  
0  ;  0  ;  0  ;  0  ;  0  ;  0  ;  0  ;  0  ;  30  ;  278  ;  

emd_opencv:0.446138
emd_opencv_plan:    
108  ;  64  ;  0  ;  0  ;  0  ;  0  ;  0  ;  0  ;  0  ;  0  ;  
0  ;  161  ;  111  ;  0  ;  0  ;  0  ;  0  ;  0  ;  0  ;  0  ;  
0  ;  0  ;  174  ;  0  ;  0  ;  0  ;  0  ;  0  ;  0  ;  0  ;  
0  ;  0  ;  152  ;  200  ;  0  ;  0  ;  0  ;  0  ;  0  ;  0  ;  
0  ;  0  ;  0  ;  228  ;  15  ;  0  ;  0  ;  0  ;  0  ;  0  ;  
0  ;  0  ;  0  ;  0  ;  244  ;  175  ;  0  ;  0  ;  0  ;  0  ;  
0  ;  0  ;  0  ;  0  ;  237  ;  0  ;  151  ;  8  ;  3  ;  0  ;  
0  ;  0  ;  0  ;  0  ;  0  ;  0  ;  63  ;  111  ;  0  ;  0  ;  
0  ;  0  ;  0  ;  0  ;  0  ;  0  ;  0  ;  0  ;  405  ;  143  ;  
0  ;  0  ;  0  ;  0  ;  0  ;  0  ;  0  ;  0  ;  30  ;  278  ;  


-，-，-，-，-，-，-，-，-TEST2-，-，-，-，-，-，-，-，-
Supplys(in rows):
s0	s1	s2	s3	s4	s5	s6	s7	s8	s9	
341	100	378	479	118	476	335	119	428	215	
Demands(in cols):
d0	d1	d2	d3	d4	d5	d6	d7	d8	d9	
279	330	331	437	257	186	136	457	320	223	
delta:1


emd_me:    0.345601
emd_me_plan:    
279  ;  62  ;  0  ;  0  ;  0  ;  0  ;  0  ;  0  ;  0  ;  0  ;  
0  ;  100  ;  111  ;  0  ;  0  ;  0  ;  0  ;  0  ;  0  ;  0  ;  
0  ;  168  ;  210  ;  0  ;  0  ;  0  ;  0  ;  0  ;  0  ;  0  ;  
0  ;  0  ;  121  ;  358  ;  0  ;  0  ;  0  ;  0  ;  0  ;  0  ;  
0  ;  0  ;  0  ;  79  ;  39  ;  0  ;  0  ;  0  ;  0  ;  0  ;  
0  ;  0  ;  0  ;  0  ;  218  ;  186  ;  0  ;  39  ;  0  ;  0  ;  
0  ;  0  ;  0  ;  0  ;  237  ;  0  ;  136  ;  199  ;  3  ;  0  ;  
0  ;  0  ;  0  ;  0  ;  0  ;  0  ;  63  ;  119  ;  0  ;  0  ;  
0  ;  0  ;  0  ;  0  ;  0  ;  0  ;  0  ;  100  ;  320  ;  8  ;  
0  ;  0  ;  0  ;  0  ;  0  ;  0  ;  0  ;  0  ;  30  ;  215  ;  

emd_opencv:0.345601
emd_opencv_plan:    
279  ;  62  ;  0  ;  0  ;  0  ;  0  ;  0  ;  0  ;  0  ;  0  ;  
0  ;  100  ;  111  ;  0  ;  0  ;  0  ;  0  ;  0  ;  0  ;  0  ;  
0  ;  168  ;  210  ;  0  ;  0  ;  0  ;  0  ;  0  ;  0  ;  0  ;  
0  ;  0  ;  121  ;  358  ;  0  ;  0  ;  0  ;  0  ;  0  ;  0  ;  
0  ;  0  ;  0  ;  79  ;  39  ;  0  ;  0  ;  0  ;  0  ;  0  ;  
0  ;  0  ;  0  ;  0  ;  218  ;  186  ;  0  ;  39  ;  0  ;  0  ;  
0  ;  0  ;  0  ;  0  ;  237  ;  0  ;  136  ;  199  ;  3  ;  0  ;  
0  ;  0  ;  0  ;  0  ;  0  ;  0  ;  63  ;  119  ;  0  ;  0  ;  
0  ;  0  ;  0  ;  0  ;  0  ;  0  ;  0  ;  100  ;  320  ;  8  ;  
0  ;  0  ;  0  ;  0  ;  0  ;  0  ;  0  ;  0  ;  30  ;  215  ;  


-，-，-，-，-，-，-，-，-TEST3-，-，-，-，-，-，-，-，-
Supplys(in rows):
s0	s1	s2	s3	s4	s5	s6	s7	s8	s9	
333	176	430	187	358	364	249	453	422	349	
Demands(in cols):
d0	d1	d2	d3	d4	d5	d6	d7	d8	d9	
282	250	278	246	262	231	392	374	257	468	
delta:1


emd_me:    0.11894
emd_me_plan:    
282  ;  62  ;  0  ;  0  ;  0  ;  0  ;  0  ;  0  ;  0  ;  0  ;  
0  ;  176  ;  111  ;  0  ;  0  ;  0  ;  0  ;  0  ;  0  ;  0  ;  
0  ;  74  ;  278  ;  59  ;  0  ;  0  ;  0  ;  0  ;  0  ;  0  ;  
0  ;  0  ;  121  ;  187  ;  0  ;  0  ;  0  ;  0  ;  0  ;  0  ;  
0  ;  0  ;  0  ;  79  ;  39  ;  0  ;  0  ;  0  ;  0  ;  0  ;  
0  ;  0  ;  0  ;  0  ;  218  ;  186  ;  64  ;  39  ;  0  ;  0  ;  
0  ;  0  ;  0  ;  0  ;  237  ;  0  ;  249  ;  199  ;  3  ;  0  ;  
0  ;  0  ;  0  ;  0  ;  0  ;  0  ;  79  ;  374  ;  0  ;  0  ;  
0  ;  0  ;  0  ;  0  ;  0  ;  0  ;  0  ;  100  ;  257  ;  119  ;  
0  ;  0  ;  0  ;  0  ;  0  ;  0  ;  0  ;  0  ;  30  ;  349  ;  

emd_opencv:0.11894
emd_opencv_plan:    
282  ;  62  ;  0  ;  0  ;  0  ;  0  ;  0  ;  0  ;  0  ;  0  ;  
0  ;  176  ;  111  ;  0  ;  0  ;  0  ;  0  ;  0  ;  0  ;  0  ;  
0  ;  74  ;  278  ;  59  ;  0  ;  0  ;  0  ;  0  ;  0  ;  0  ;  
0  ;  0  ;  121  ;  187  ;  0  ;  0  ;  0  ;  0  ;  0  ;  0  ;  
0  ;  0  ;  0  ;  79  ;  262  ;  0  ;  0  ;  0  ;  0  ;  0  ;  
0  ;  0  ;  0  ;  0  ;  218  ;  231  ;  64  ;  39  ;  0  ;  0  ;  
0  ;  0  ;  0  ;  0  ;  237  ;  0  ;  249  ;  199  ;  3  ;  0  ;  
0  ;  0  ;  0  ;  0  ;  0  ;  0  ;  79  ;  374  ;  0  ;  0  ;  
0  ;  0  ;  0  ;  0  ;  0  ;  0  ;  0  ;  100  ;  257  ;  119  ;  
0  ;  0  ;  0  ;  0  ;  0  ;  0  ;  0  ;  0  ;  30  ;  349  ;  


-，-，-，-，-，-，-，-，-TEST4-，-，-，-，-，-，-，-，-
Supplys(in rows):
s0	s1	s2	s3	s4	s5	s6	s7	s8	s9	
345	464	110	181	295	469	140	120	290	322	
Demands(in cols):
d0	d1	d2	d3	d4	d5	d6	d7	d8	d9	
390	126	413	174	497	387	119	255	452	269	
delta:1


emd_me:    0.162557
emd_me_plan:    
345  ;  62  ;  0  ;  0  ;  0  ;  0  ;  0  ;  0  ;  0  ;  0  ;  
42  ;  126  ;  296  ;  0  ;  0  ;  0  ;  0  ;  0  ;  0  ;  0  ;  
0  ;  74  ;  110  ;  59  ;  0  ;  0  ;  0  ;  0  ;  0  ;  0  ;  
0  ;  0  ;  7  ;  174  ;  0  ;  0  ;  0  ;  0  ;  0  ;  0  ;  
0  ;  0  ;  0  ;  79  ;  295  ;  0  ;  0  ;  0  ;  0  ;  0  ;  
0  ;  0  ;  0  ;  0  ;  218  ;  186  ;  64  ;  39  ;  0  ;  0  ;  
0  ;  0  ;  0  ;  0  ;  237  ;  0  ;  119  ;  21  ;  3  ;  0  ;  
0  ;  0  ;  0  ;  0  ;  0  ;  0  ;  79  ;  120  ;  0  ;  0  ;  
0  ;  0  ;  0  ;  0  ;  0  ;  0  ;  0  ;  100  ;  290  ;  119  ;  
0  ;  0  ;  0  ;  0  ;  0  ;  0  ;  0  ;  0  ;  53  ;  269  ;  

emd_opencv:0.162557
emd_opencv_plan:    
345  ;  62  ;  0  ;  0  ;  0  ;  0  ;  0  ;  0  ;  0  ;  0  ;  
42  ;  126  ;  296  ;  0  ;  0  ;  0  ;  0  ;  0  ;  0  ;  0  ;  
0  ;  74  ;  110  ;  59  ;  0  ;  0  ;  0  ;  0  ;  0  ;  0  ;  
0  ;  0  ;  7  ;  174  ;  0  ;  0  ;  0  ;  0  ;  0  ;  0  ;  
0  ;  0  ;  0  ;  79  ;  295  ;  0  ;  0  ;  0  ;  0  ;  0  ;  
0  ;  0  ;  0  ;  0  ;  82  ;  387  ;  64  ;  39  ;  0  ;  0  ;  
0  ;  0  ;  0  ;  0  ;  237  ;  0  ;  119  ;  21  ;  3  ;  0  ;  
0  ;  0  ;  0  ;  0  ;  0  ;  0  ;  79  ;  120  ;  0  ;  0  ;  
0  ;  0  ;  0  ;  0  ;  0  ;  0  ;  0  ;  100  ;  290  ;  119  ;  
0  ;  0  ;  0  ;  0  ;  0  ;  0  ;  0  ;  0  ;  53  ;  269  ;  


-，-，-，-，-，-，-，-，-TEST5-，-，-，-，-，-，-，-，-
Supplys(in rows):
s0	s1	s2	s3	s4	s5	s6	s7	s8	s9	
376	427	483	496	300	398	324	307	139	309	
Demands(in cols):
d0	d1	d2	d3	d4	d5	d6	d7	d8	d9	
134	188	306	113	163	109	348	290	121	431	
delta:1


emd_me:    0.119135
emd_me_plan:    
134  ;  62  ;  0  ;  0  ;  0  ;  0  ;  0  ;  0  ;  0  ;  0  ;  
42  ;  188  ;  296  ;  0  ;  0  ;  0  ;  0  ;  0  ;  0  ;  0  ;  
0  ;  74  ;  306  ;  59  ;  0  ;  0  ;  0  ;  0  ;  0  ;  0  ;  
0  ;  0  ;  7  ;  113  ;  0  ;  0  ;  0  ;  0  ;  0  ;  0  ;  
0  ;  0  ;  0  ;  79  ;  295  ;  0  ;  0  ;  0  ;  0  ;  0  ;  
0  ;  0  ;  0  ;  0  ;  218  ;  186  ;  24  ;  39  ;  0  ;  87  ;  
0  ;  0  ;  0  ;  0  ;  237  ;  0  ;  324  ;  21  ;  3  ;  0  ;  
0  ;  0  ;  0  ;  0  ;  0  ;  0  ;  79  ;  290  ;  0  ;  17  ;  
0  ;  0  ;  0  ;  0  ;  0  ;  0  ;  0  ;  100  ;  121  ;  18  ;  
0  ;  0  ;  0  ;  0  ;  0  ;  0  ;  0  ;  0  ;  53  ;  309  ;  

emd_opencv:0.119135
emd_opencv_plan:    
134  ;  62  ;  0  ;  0  ;  0  ;  0  ;  0  ;  0  ;  0  ;  0  ;  
42  ;  188  ;  296  ;  0  ;  0  ;  0  ;  0  ;  0  ;  0  ;  0  ;  
0  ;  74  ;  306  ;  59  ;  0  ;  0  ;  0  ;  0  ;  0  ;  0  ;  
0  ;  0  ;  7  ;  113  ;  0  ;  0  ;  0  ;  0  ;  0  ;  0  ;  
0  ;  0  ;  0  ;  79  ;  163  ;  0  ;  0  ;  0  ;  0  ;  0  ;  
0  ;  0  ;  0  ;  0  ;  82  ;  109  ;  24  ;  39  ;  0  ;  87  ;  
0  ;  0  ;  0  ;  0  ;  237  ;  0  ;  324  ;  21  ;  3  ;  0  ;  
0  ;  0  ;  0  ;  0  ;  0  ;  0  ;  79  ;  290  ;  0  ;  17  ;  
0  ;  0  ;  0  ;  0  ;  0  ;  0  ;  0  ;  100  ;  121  ;  18  ;  
0  ;  0  ;  0  ;  0  ;  0  ;  0  ;  0  ;  0  ;  53  ;  309  ;  


-，-，-，-，-，-，-，-，-TEST6-，-，-，-，-，-，-，-，-
Supplys(in rows):
s0	s1	s2	s3	s4	s5	s6	s7	s8	s9	
202	225	339	195	297	355	291	382	340	330	
Demands(in cols):
d0	d1	d2	d3	d4	d5	d6	d7	d8	d9	
304	292	113	162	466	412	158	121	151	329	
delta:1


emd_me:    0.215156
emd_me_plan:    
202  ;  62  ;  0  ;  0  ;  0  ;  0  ;  0  ;  0  ;  0  ;  0  ;  
102  ;  123  ;  296  ;  0  ;  0  ;  0  ;  0  ;  0  ;  0  ;  0  ;  
0  ;  169  ;  113  ;  57  ;  0  ;  0  ;  0  ;  0  ;  0  ;  0  ;  
0  ;  0  ;  7  ;  105  ;  90  ;  0  ;  0  ;  0  ;  0  ;  0  ;  
0  ;  0  ;  0  ;  79  ;  297  ;  0  ;  0  ;  0  ;  0  ;  0  ;  
0  ;  0  ;  0  ;  0  ;  218  ;  355  ;  24  ;  39  ;  0  ;  87  ;  
0  ;  0  ;  0  ;  0  ;  76  ;  57  ;  158  ;  21  ;  3  ;  0  ;  
0  ;  0  ;  0  ;  0  ;  3  ;  0  ;  79  ;  121  ;  0  ;  17  ;  
0  ;  0  ;  0  ;  0  ;  0  ;  0  ;  0  ;  100  ;  151  ;  18  ;  
0  ;  0  ;  0  ;  0  ;  0  ;  0  ;  0  ;  0  ;  53  ;  329  ;  

emd_opencv:0.215156
emd_opencv_plan:    
202  ;  62  ;  0  ;  0  ;  0  ;  0  ;  0  ;  0  ;  0  ;  0  ;  
102  ;  123  ;  296  ;  0  ;  0  ;  0  ;  0  ;  0  ;  0  ;  0  ;  
0  ;  169  ;  113  ;  57  ;  0  ;  0  ;  0  ;  0  ;  0  ;  0  ;  
0  ;  0  ;  7  ;  105  ;  90  ;  0  ;  0  ;  0  ;  0  ;  0  ;  
0  ;  0  ;  0  ;  79  ;  297  ;  0  ;  0  ;  0  ;  0  ;  0  ;  
0  ;  0  ;  0  ;  0  ;  82  ;  355  ;  24  ;  39  ;  0  ;  87  ;  
0  ;  0  ;  0  ;  0  ;  76  ;  57  ;  158  ;  21  ;  3  ;  0  ;  
0  ;  0  ;  0  ;  0  ;  3  ;  0  ;  79  ;  121  ;  0  ;  17  ;  
0  ;  0  ;  0  ;  0  ;  0  ;  0  ;  0  ;  100  ;  151  ;  18  ;  
0  ;  0  ;  0  ;  0  ;  0  ;  0  ;  0  ;  0  ;  53  ;  329  ;  


-，-，-，-，-，-，-，-，-TEST7-，-，-，-，-，-，-，-，-
Supplys(in rows):
s0	s1	s2	s3	s4	s5	s6	s7	s8	s9	
173	217	491	371	376	375	184	169	384	176	
Demands(in cols):
d0	d1	d2	d3	d4	d5	d6	d7	d8	d9	
346	266	481	394	359	230	284	495	197	177	
delta:1


emd_me:    0.125116
emd_me_plan:    
173  ;  62  ;  0  ;  0  ;  0  ;  0  ;  0  ;  0  ;  0  ;  0  ;  
102  ;  217  ;  296  ;  0  ;  0  ;  0  ;  0  ;  0  ;  0  ;  0  ;  
0  ;  4  ;  481  ;  6  ;  0  ;  0  ;  0  ;  0  ;  0  ;  0  ;  
0  ;  0  ;  7  ;  371  ;  90  ;  0  ;  0  ;  0  ;  0  ;  0  ;  
0  ;  0  ;  0  ;  17  ;  359  ;  0  ;  0  ;  0  ;  0  ;  0  ;  
0  ;  0  ;  0  ;  0  ;  218  ;  230  ;  100  ;  39  ;  0  ;  87  ;  
0  ;  0  ;  0  ;  0  ;  76  ;  57  ;  184  ;  21  ;  3  ;  0  ;  
0  ;  0  ;  0  ;  0  ;  3  ;  0  ;  79  ;  169  ;  0  ;  17  ;  
0  ;  0  ;  0  ;  0  ;  0  ;  0  ;  0  ;  186  ;  197  ;  1  ;  
0  ;  0  ;  0  ;  0  ;  0  ;  0  ;  0  ;  0  ;  53  ;  176  ;  

emd_opencv:0.125116
emd_opencv_plan:    
173  ;  62  ;  0  ;  0  ;  0  ;  0  ;  0  ;  0  ;  0  ;  0  ;  
102  ;  217  ;  296  ;  0  ;  0  ;  0  ;  0  ;  0  ;  0  ;  0  ;  
0  ;  4  ;  481  ;  6  ;  0  ;  0  ;  0  ;  0  ;  0  ;  0  ;  
0  ;  0  ;  7  ;  371  ;  90  ;  0  ;  0  ;  0  ;  0  ;  0  ;  
0  ;  0  ;  0  ;  17  ;  359  ;  0  ;  0  ;  0  ;  0  ;  0  ;  
0  ;  0  ;  0  ;  0  ;  82  ;  230  ;  100  ;  45  ;  0  ;  87  ;  
0  ;  0  ;  0  ;  0  ;  76  ;  57  ;  184  ;  21  ;  3  ;  0  ;  
0  ;  0  ;  0  ;  0  ;  3  ;  0  ;  79  ;  169  ;  0  ;  17  ;  
0  ;  0  ;  0  ;  0  ;  0  ;  0  ;  0  ;  186  ;  197  ;  1  ;  
0  ;  0  ;  0  ;  0  ;  0  ;  0  ;  0  ;  0  ;  53  ;  176  ;  


-，-，-，-，-，-，-，-，-TEST8-，-，-，-，-，-，-，-，-
Supplys(in rows):
s0	s1	s2	s3	s4	s5	s6	s7	s8	s9	
104	384	481	323	361	214	224	174	148	145	
Demands(in cols):
d0	d1	d2	d3	d4	d5	d6	d7	d8	d9	
462	219	338	315	208	162	481	309	258	381	
delta:1


emd_me:    0.265879
emd_me_plan:    
104  ;  62  ;  0  ;  0  ;  0  ;  0  ;  0  ;  0  ;  0  ;  0  ;  
316  ;  68  ;  296  ;  0  ;  0  ;  0  ;  0  ;  0  ;  0  ;  0  ;  
0  ;  151  ;  330  ;  6  ;  0  ;  0  ;  0  ;  0  ;  0  ;  0  ;  
0  ;  0  ;  8  ;  315  ;  90  ;  0  ;  0  ;  0  ;  0  ;  0  ;  
0  ;  0  ;  0  ;  17  ;  208  ;  0  ;  153  ;  0  ;  0  ;  0  ;  
0  ;  0  ;  0  ;  0  ;  218  ;  162  ;  100  ;  39  ;  0  ;  87  ;  
0  ;  0  ;  0  ;  0  ;  76  ;  57  ;  224  ;  21  ;  3  ;  0  ;  
0  ;  0  ;  0  ;  0  ;  3  ;  0  ;  79  ;  174  ;  0  ;  17  ;  
0  ;  0  ;  0  ;  0  ;  0  ;  0  ;  0  ;  186  ;  148  ;  1  ;  
0  ;  0  ;  0  ;  0  ;  0  ;  0  ;  0  ;  0  ;  53  ;  145  ;  

emd_opencv:0.265879
emd_opencv_plan:    
104  ;  62  ;  0  ;  0  ;  0  ;  0  ;  0  ;  0  ;  0  ;  0  ;  
316  ;  68  ;  296  ;  0  ;  0  ;  0  ;  0  ;  0  ;  0  ;  0  ;  
0  ;  151  ;  330  ;  6  ;  0  ;  0  ;  0  ;  0  ;  0  ;  0  ;  
0  ;  0  ;  8  ;  315  ;  90  ;  0  ;  0  ;  0  ;  0  ;  0  ;  
0  ;  0  ;  0  ;  17  ;  208  ;  0  ;  153  ;  0  ;  0  ;  0  ;  
0  ;  0  ;  0  ;  0  ;  82  ;  162  ;  52  ;  45  ;  0  ;  87  ;  
0  ;  0  ;  0  ;  0  ;  76  ;  57  ;  224  ;  21  ;  3  ;  0  ;  
0  ;  0  ;  0  ;  0  ;  3  ;  0  ;  79  ;  174  ;  0  ;  17  ;  
0  ;  0  ;  0  ;  0  ;  0  ;  0  ;  0  ;  186  ;  148  ;  1  ;  
0  ;  0  ;  0  ;  0  ;  0  ;  0  ;  0  ;  0  ;  53  ;  145  ;  


-，-，-，-，-，-，-，-，-TEST9-，-，-，-，-，-，-，-，-
Supplys(in rows):
s0	s1	s2	s3	s4	s5	s6	s7	s8	s9	
161	260	251	496	365	445	246	468	423	442	
Demands(in cols):
d0	d1	d2	d3	d4	d5	d6	d7	d8	d9	
334	395	146	225	100	318	229	359	304	484	
delta:1


emd_me:    0.204105
emd_me_plan:    
161  ;  62  ;  0  ;  0  ;  0  ;  0  ;  0  ;  0  ;  0  ;  0  ;  
173  ;  87  ;  296  ;  0  ;  0  ;  0  ;  0  ;  0  ;  0  ;  0  ;  
0  ;  251  ;  330  ;  6  ;  0  ;  0  ;  0  ;  0  ;  0  ;  0  ;  
0  ;  57  ;  146  ;  225  ;  90  ;  0  ;  0  ;  0  ;  0  ;  0  ;  
0  ;  0  ;  0  ;  17  ;  100  ;  0  ;  153  ;  0  ;  0  ;  0  ;  
0  ;  0  ;  0  ;  0  ;  218  ;  318  ;  100  ;  39  ;  0  ;  87  ;  
0  ;  0  ;  0  ;  0  ;  76  ;  57  ;  229  ;  21  ;  3  ;  0  ;  
0  ;  0  ;  0  ;  0  ;  3  ;  0  ;  79  ;  359  ;  0  ;  17  ;  
0  ;  0  ;  0  ;  0  ;  0  ;  0  ;  0  ;  186  ;  304  ;  42  ;  
0  ;  0  ;  0  ;  0  ;  0  ;  0  ;  0  ;  0  ;  53  ;  442  ;  

emd_opencv:0.204105
emd_opencv_plan:    
161  ;  62  ;  0  ;  0  ;  0  ;  0  ;  0  ;  0  ;  0  ;  0  ;  
173  ;  87  ;  296  ;  0  ;  0  ;  0  ;  0  ;  0  ;  0  ;  0  ;  
0  ;  251  ;  330  ;  6  ;  0  ;  0  ;  0  ;  0  ;  0  ;  0  ;  
0  ;  57  ;  146  ;  225  ;  90  ;  0  ;  0  ;  0  ;  0  ;  0  ;  
0  ;  0  ;  0  ;  17  ;  100  ;  0  ;  153  ;  0  ;  0  ;  0  ;  
0  ;  0  ;  0  ;  0  ;  82  ;  318  ;  52  ;  45  ;  0  ;  87  ;  
0  ;  0  ;  0  ;  0  ;  76  ;  57  ;  229  ;  21  ;  3  ;  0  ;  
0  ;  0  ;  0  ;  0  ;  3  ;  0  ;  79  ;  359  ;  0  ;  17  ;  
0  ;  0  ;  0  ;  0  ;  0  ;  0  ;  0  ;  186  ;  304  ;  42  ;  
0  ;  0  ;  0  ;  0  ;  0  ;  0  ;  0  ;  0  ;  53  ;  442  ;  
