Supplys(in rows):
s0	s1	s2	s3	s4	s5	s6	s7	s8	s9	
74	75	56	57	58	73	60	71	16	50	
Demands(in cols):
d0	d1	d2	d3	d4	d5	d6	d7	d8	d9	
22	52	85	94	34	73	92	34	30	33	
delta:1

emd_me:    0.244068
emd_opencv:    0.244068
emd_me_plan:    
22  ;  19  ;  0  ;  0  ;  0  ;  0  ;  0  ;  0  ;  0  ;  0  ;  
35  ;  33  ;  42  ;  0  ;  0  ;  0  ;  0  ;  0  ;  0  ;  0  ;  
38  ;  53  ;  43  ;  13  ;  0  ;  7  ;  0  ;  0  ;  0  ;  0  ;  
0  ;  28  ;  72  ;  57  ;  21  ;  0  ;  0  ;  0  ;  0  ;  0  ;  
0  ;  1  ;  73  ;  24  ;  14  ;  34  ;  0  ;  0  ;  0  ;  0  ;  
0  ;  0  ;  0  ;  39  ;  22  ;  73  ;  0  ;  0  ;  26  ;  1  ;  
0  ;  0  ;  0  ;  0  ;  0  ;  18  ;  60  ;  4  ;  16  ;  0  ;  
0  ;  0  ;  0  ;  0  ;  0  ;  0  ;  32  ;  34  ;  10  ;  11  ;  
0  ;  0  ;  0  ;  0  ;  0  ;  29  ;  26  ;  2  ;  16  ;  3  ;  
0  ;  0  ;  0  ;  0  ;  37  ;  0  ;  5  ;  23  ;  14  ;  33  ;  

emd_opencv_plan:    
22 :: 19 :: 0 :: 0 :: 0 :: 0 :: 0 :: 0 :: 0 :: 0 :: 
35 :: 33 :: 42 :: 0 :: 0 :: 0 :: 0 :: 0 :: 0 :: 0 :: 
38 :: 53 :: 43 :: 13 :: 0 :: 7 :: 0 :: 0 :: 0 :: 0 :: 
0 :: 28 :: 72 :: 57 :: 21 :: 0 :: 0 :: 0 :: 0 :: 0 :: 
0 :: 1 :: 73 :: 24 :: 34 :: 34 :: 0 :: 0 :: 0 :: 0 :: 
0 :: 0 :: 0 :: 39 :: 22 :: 73 :: 0 :: 0 :: 26 :: 1 :: 
0 :: 0 :: 0 :: 0 :: 0 :: 18 :: 60 :: 4 :: 16 :: 0 :: 
0 :: 0 :: 0 :: 0 :: 0 :: 0 :: 32 :: 34 :: 10 :: 11 :: 
0 :: 0 :: 0 :: 0 :: 0 :: 29 :: 26 :: 2 :: 16 :: 3 :: 
0 :: 0 :: 0 :: 0 :: 36 :: 0 :: 5 :: 23 :: 14 :: 33 :: 
-，-，-，-，-，-，-，-，-s0+delta-，-，-，-，-，-，-，-，-
emd_delta_0:    0.243655
emd_me__0plan:    
22  ;  19  ;  0  ;  0  ;  0  ;  0  ;  0  ;  0  ;  0  ;  0  ;  
35  ;  33  ;  42  ;  1  ;  0  ;  0  ;  0  ;  0  ;  0  ;  0  ;  
39  ;  53  ;  43  ;  13  ;  0  ;  7  ;  0  ;  0  ;  0  ;  0  ;  
0  ;  28  ;  72  ;  57  ;  21  ;  0  ;  0  ;  0  ;  0  ;  0  ;  
0  ;  2  ;  73  ;  24  ;  14  ;  34  ;  0  ;  0  ;  0  ;  0  ;  
0  ;  0  ;  0  ;  39  ;  22  ;  73  ;  0  ;  0  ;  26  ;  1  ;  
0  ;  0  ;  0  ;  0  ;  0  ;  18  ;  60  ;  4  ;  16  ;  0  ;  
0  ;  0  ;  0  ;  0  ;  0  ;  0  ;  32  ;  34  ;  10  ;  10  ;  
0  ;  0  ;  0  ;  0  ;  0  ;  30  ;  26  ;  2  ;  16  ;  3  ;  
0  ;  0  ;  0  ;  0  ;  37  ;  0  ;  5  ;  23  ;  14  ;  33  ;  

-，-，-，-，-，-，-，-，-s1+delta-，-，-，-，-，-，-，-，-
emd_delta_1:    0.241963
emd_me__1plan:    
22  ;  18  ;  0  ;  0  ;  0  ;  0  ;  0  ;  0  ;  0  ;  0  ;  
35  ;  34  ;  42  ;  1  ;  0  ;  0  ;  0  ;  0  ;  0  ;  0  ;  
39  ;  53  ;  43  ;  13  ;  0  ;  7  ;  0  ;  0  ;  0  ;  0  ;  
0  ;  28  ;  72  ;  57  ;  21  ;  0  ;  0  ;  0  ;  0  ;  0  ;  
0  ;  2  ;  73  ;  24  ;  14  ;  34  ;  0  ;  0  ;  0  ;  0  ;  
0  ;  0  ;  0  ;  39  ;  22  ;  73  ;  0  ;  0  ;  26  ;  1  ;  
0  ;  0  ;  0  ;  0  ;  0  ;  18  ;  60  ;  4  ;  16  ;  0  ;  
0  ;  0  ;  0  ;  0  ;  0  ;  0  ;  32  ;  34  ;  10  ;  10  ;  
0  ;  0  ;  0  ;  0  ;  0  ;  30  ;  26  ;  2  ;  16  ;  3  ;  
0  ;  0  ;  0  ;  0  ;  37  ;  0  ;  5  ;  23  ;  14  ;  33  ;  

-，-，-，-，-，-，-，-，-s2+delta-，-，-，-，-，-，-，-，-
emd_delta_2:    0.240271
emd_me__2plan:    
22  ;  18  ;  0  ;  0  ;  0  ;  0  ;  0  ;  0  ;  0  ;  0  ;  
35  ;  34  ;  41  ;  1  ;  0  ;  0  ;  0  ;  0  ;  0  ;  0  ;  
39  ;  53  ;  44  ;  13  ;  0  ;  7  ;  0  ;  0  ;  0  ;  0  ;  
0  ;  28  ;  72  ;  57  ;  21  ;  0  ;  0  ;  0  ;  0  ;  0  ;  
0  ;  2  ;  73  ;  24  ;  14  ;  34  ;  0  ;  0  ;  0  ;  0  ;  
0  ;  0  ;  0  ;  39  ;  22  ;  73  ;  0  ;  0  ;  26  ;  1  ;  
0  ;  0  ;  0  ;  0  ;  0  ;  18  ;  60  ;  4  ;  16  ;  0  ;  
0  ;  0  ;  0  ;  0  ;  0  ;  0  ;  32  ;  34  ;  10  ;  10  ;  
0  ;  0  ;  0  ;  0  ;  0  ;  30  ;  26  ;  2  ;  16  ;  3  ;  
0  ;  0  ;  0  ;  0  ;  37  ;  0  ;  5  ;  23  ;  14  ;  33  ;  

-，-，-，-，-，-，-，-，-s3+delta-，-，-，-，-，-，-，-，-
emd_delta_3:    0.238579
emd_me__3plan:    
22  ;  18  ;  0  ;  0  ;  0  ;  0  ;  0  ;  0  ;  0  ;  0  ;  
35  ;  34  ;  41  ;  1  ;  0  ;  0  ;  0  ;  0  ;  0  ;  0  ;  
39  ;  53  ;  44  ;  12  ;  0  ;  7  ;  0  ;  0  ;  0  ;  0  ;  
0  ;  28  ;  72  ;  58  ;  21  ;  0  ;  0  ;  0  ;  0  ;  0  ;  
0  ;  2  ;  73  ;  24  ;  14  ;  34  ;  0  ;  0  ;  0  ;  0  ;  
0  ;  0  ;  0  ;  39  ;  22  ;  73  ;  0  ;  0  ;  26  ;  1  ;  
0  ;  0  ;  0  ;  0  ;  0  ;  18  ;  60  ;  4  ;  16  ;  0  ;  
0  ;  0  ;  0  ;  0  ;  0  ;  0  ;  32  ;  34  ;  10  ;  10  ;  
0  ;  0  ;  0  ;  0  ;  0  ;  30  ;  26  ;  2  ;  16  ;  3  ;  
0  ;  0  ;  0  ;  0  ;  37  ;  0  ;  5  ;  23  ;  14  ;  33  ;  

-，-，-，-，-，-，-，-，-s4+delta-，-，-，-，-，-，-，-，-
emd_delta_4:    0.240271
emd_me__4plan:    
22  ;  18  ;  0  ;  0  ;  0  ;  0  ;  0  ;  0  ;  0  ;  0  ;  
35  ;  34  ;  41  ;  1  ;  0  ;  0  ;  0  ;  0  ;  0  ;  0  ;  
39  ;  53  ;  44  ;  12  ;  0  ;  7  ;  0  ;  0  ;  0  ;  0  ;  
0  ;  28  ;  72  ;  57  ;  21  ;  0  ;  0  ;  0  ;  0  ;  0  ;  
0  ;  2  ;  73  ;  25  ;  14  ;  34  ;  0  ;  0  ;  0  ;  0  ;  
0  ;  0  ;  0  ;  39  ;  22  ;  73  ;  0  ;  0  ;  26  ;  1  ;  
0  ;  0  ;  0  ;  0  ;  0  ;  18  ;  60  ;  4  ;  16  ;  0  ;  
0  ;  0  ;  0  ;  0  ;  0  ;  0  ;  32  ;  34  ;  10  ;  10  ;  
0  ;  0  ;  0  ;  0  ;  0  ;  30  ;  26  ;  2  ;  16  ;  3  ;  
0  ;  0  ;  0  ;  0  ;  37  ;  0  ;  5  ;  23  ;  14  ;  33  ;  

-，-，-，-，-，-，-，-，-s5+delta-，-，-，-，-，-，-，-，-
emd_delta_5:    0.241963
emd_me__5plan:    
22  ;  18  ;  0  ;  0  ;  0  ;  0  ;  0  ;  0  ;  0  ;  0  ;  
35  ;  34  ;  41  ;  1  ;  0  ;  0  ;  0  ;  0  ;  0  ;  0  ;  
39  ;  53  ;  44  ;  12  ;  0  ;  7  ;  0  ;  0  ;  0  ;  0  ;  
0  ;  28  ;  72  ;  57  ;  21  ;  0  ;  0  ;  0  ;  0  ;  0  ;  
0  ;  2  ;  73  ;  24  ;  14  ;  34  ;  0  ;  0  ;  0  ;  0  ;  
0  ;  0  ;  0  ;  1  ;  22  ;  73  ;  0  ;  0  ;  26  ;  1  ;  
0  ;  0  ;  0  ;  0  ;  0  ;  18  ;  60  ;  4  ;  16  ;  0  ;  
0  ;  0  ;  0  ;  0  ;  0  ;  0  ;  32  ;  34  ;  10  ;  10  ;  
0  ;  0  ;  0  ;  0  ;  0  ;  30  ;  26  ;  2  ;  16  ;  3  ;  
0  ;  0  ;  0  ;  0  ;  37  ;  0  ;  5  ;  23  ;  14  ;  33  ;  

-，-，-，-，-，-，-，-，-s6+delta-，-，-，-，-，-，-，-，-
emd_delta_6:    0.241963
emd_me__6plan:    
22  ;  19  ;  0  ;  0  ;  0  ;  0  ;  0  ;  0  ;  0  ;  0  ;  
35  ;  33  ;  42  ;  1  ;  0  ;  0  ;  0  ;  0  ;  0  ;  0  ;  
39  ;  53  ;  43  ;  13  ;  0  ;  7  ;  0  ;  0  ;  0  ;  0  ;  
0  ;  28  ;  72  ;  57  ;  21  ;  0  ;  0  ;  0  ;  0  ;  0  ;  
0  ;  2  ;  73  ;  24  ;  14  ;  34  ;  0  ;  0  ;  0  ;  0  ;  
0  ;  0  ;  0  ;  1  ;  22  ;  73  ;  0  ;  0  ;  26  ;  1  ;  
0  ;  0  ;  0  ;  0  ;  0  ;  18  ;  61  ;  4  ;  16  ;  0  ;  
0  ;  0  ;  0  ;  0  ;  0  ;  0  ;  31  ;  34  ;  10  ;  10  ;  
0  ;  0  ;  0  ;  0  ;  0  ;  30  ;  26  ;  2  ;  16  ;  3  ;  
0  ;  0  ;  0  ;  0  ;  37  ;  0  ;  5  ;  23  ;  14  ;  33  ;  

-，-，-，-，-，-，-，-，-s7+delta-，-，-，-，-，-，-，-，-
emd_delta_7:    0.243655
emd_me__7plan:    
22  ;  19  ;  0  ;  0  ;  0  ;  0  ;  0  ;  0  ;  0  ;  0  ;  
35  ;  33  ;  42  ;  1  ;  0  ;  0  ;  0  ;  0  ;  0  ;  0  ;  
39  ;  53  ;  43  ;  13  ;  0  ;  7  ;  0  ;  0  ;  0  ;  0  ;  
0  ;  28  ;  72  ;  57  ;  21  ;  0  ;  0  ;  0  ;  0  ;  0  ;  
0  ;  2  ;  73  ;  24  ;  14  ;  34  ;  0  ;  0  ;  0  ;  0  ;  
0  ;  0  ;  0  ;  1  ;  22  ;  73  ;  0  ;  0  ;  26  ;  1  ;  
0  ;  0  ;  0  ;  0  ;  0  ;  18  ;  60  ;  4  ;  16  ;  0  ;  
0  ;  0  ;  0  ;  0  ;  0  ;  0  ;  32  ;  34  ;  10  ;  10  ;  
0  ;  0  ;  0  ;  0  ;  0  ;  30  ;  26  ;  2  ;  16  ;  3  ;  
0  ;  0  ;  0  ;  0  ;  37  ;  0  ;  5  ;  23  ;  14  ;  33  ;  

-，-，-，-，-，-，-，-，-s8+delta-，-，-，-，-，-，-，-，-
emd_delta_8:    0.241963
emd_me__8plan:    
22  ;  19  ;  0  ;  0  ;  0  ;  0  ;  0  ;  0  ;  0  ;  0  ;  
35  ;  33  ;  42  ;  1  ;  0  ;  0  ;  0  ;  0  ;  0  ;  0  ;  
39  ;  53  ;  43  ;  13  ;  0  ;  7  ;  0  ;  0  ;  0  ;  0  ;  
0  ;  28  ;  72  ;  57  ;  21  ;  0  ;  0  ;  0  ;  0  ;  0  ;  
0  ;  2  ;  73  ;  24  ;  14  ;  34  ;  0  ;  0  ;  0  ;  0  ;  
0  ;  0  ;  0  ;  1  ;  22  ;  73  ;  0  ;  0  ;  26  ;  1  ;  
0  ;  0  ;  0  ;  0  ;  0  ;  18  ;  60  ;  4  ;  16  ;  0  ;  
0  ;  0  ;  0  ;  0  ;  0  ;  0  ;  32  ;  34  ;  10  ;  10  ;  
0  ;  0  ;  0  ;  0  ;  0  ;  30  ;  26  ;  2  ;  17  ;  3  ;  
0  ;  0  ;  0  ;  0  ;  37  ;  0  ;  5  ;  23  ;  13  ;  33  ;  

-，-，-，-，-，-，-，-，-s9+delta-，-，-，-，-，-，-，-，-
emd_delta_9:    0.243655
emd_me__9plan:    
22  ;  19  ;  0  ;  0  ;  0  ;  0  ;  0  ;  0  ;  0  ;  0  ;  
35  ;  33  ;  42  ;  1  ;  0  ;  0  ;  0  ;  0  ;  0  ;  0  ;  
39  ;  53  ;  43  ;  13  ;  0  ;  7  ;  0  ;  0  ;  0  ;  0  ;  
0  ;  28  ;  72  ;  57  ;  21  ;  0  ;  0  ;  0  ;  0  ;  0  ;  
0  ;  2  ;  73  ;  24  ;  14  ;  34  ;  0  ;  0  ;  0  ;  0  ;  
0  ;  0  ;  0  ;  1  ;  22  ;  73  ;  0  ;  0  ;  26  ;  1  ;  
0  ;  0  ;  0  ;  0  ;  0  ;  18  ;  60  ;  4  ;  16  ;  0  ;  
0  ;  0  ;  0  ;  0  ;  0  ;  0  ;  32  ;  34  ;  10  ;  10  ;  
0  ;  0  ;  0  ;  0  ;  0  ;  30  ;  26  ;  2  ;  16  ;  3  ;  
0  ;  0  ;  0  ;  0  ;  37  ;  0  ;  5  ;  23  ;  14  ;  33  ;  

gradiant:(with delta=1)
-0.000412986 -0.00210503 -0.00379707 -0.00548913 -0.00379707 -0.00210503 -0.00210503 -0.000412986 -0.00210503 -0.000412986 
