Supplys(in rows):
s0	s1	s2	s3	s4	s5	s6	s7	s8	s9	
40	64	62	84	89	77	83	83	24	20	
Demands(in cols):
d0	d1	d2	d3	d4	d5	d6	d7	d8	d9	
75	82	81	24	55	44	18	38	21	34	
delta:1

emd_me:    0.314696
emd_opencv:    0.314696
emd_me_plan:    
40  ;  63  ;  0  ;  0  ;  0  ;  0  ;  0  ;  0  ;  0  ;  0  ;  
35  ;  29  ;  39  ;  0  ;  0  ;  0  ;  0  ;  0  ;  0  ;  0  ;  
38  ;  53  ;  9  ;  11  ;  0  ;  7  ;  0  ;  0  ;  0  ;  0  ;  
0  ;  28  ;  72  ;  12  ;  21  ;  0  ;  0  ;  0  ;  0  ;  0  ;  
0  ;  1  ;  73  ;  12  ;  14  ;  34  ;  0  ;  0  ;  0  ;  0  ;  
0  ;  0  ;  0  ;  39  ;  22  ;  44  ;  0  ;  0  ;  26  ;  1  ;  
0  ;  0  ;  0  ;  0  ;  0  ;  18  ;  18  ;  4  ;  16  ;  0  ;  
0  ;  0  ;  0  ;  0  ;  0  ;  0  ;  3  ;  38  ;  10  ;  11  ;  
0  ;  0  ;  0  ;  0  ;  0  ;  29  ;  26  ;  2  ;  21  ;  3  ;  
0  ;  0  ;  0  ;  0  ;  37  ;  0  ;  5  ;  23  ;  34  ;  20  ;  

emd_opencv_plan:    
40 :: 63 :: 0 :: 0 :: 0 :: 0 :: 0 :: 0 :: 0 :: 0 :: 
35 :: 29 :: 39 :: 0 :: 0 :: 0 :: 0 :: 0 :: 0 :: 0 :: 
38 :: 53 :: 9 :: 11 :: 0 :: 7 :: 0 :: 0 :: 0 :: 0 :: 
0 :: 28 :: 72 :: 12 :: 21 :: 0 :: 0 :: 0 :: 0 :: 0 :: 
0 :: 1 :: 73 :: 12 :: 55 :: 34 :: 0 :: 0 :: 0 :: 0 :: 
0 :: 0 :: 0 :: 39 :: 22 :: 44 :: 0 :: 0 :: 26 :: 1 :: 
0 :: 0 :: 0 :: 0 :: 0 :: 18 :: 18 :: 4 :: 16 :: 0 :: 
0 :: 0 :: 0 :: 0 :: 0 :: 0 :: 8 :: 38 :: 10 :: 11 :: 
0 :: 0 :: 0 :: 0 :: 0 :: 29 :: 26 :: 2 :: 21 :: 3 :: 
0 :: 0 :: 0 :: 0 :: 36 :: 0 :: 5 :: 23 :: 34 :: 20 :: 
-，-，-，-，-，-，-，-，-s0+delta-，-，-，-，-，-，-，-，-
emd_delta_0:    0.307815
emd_me__0plan:    
41  ;  63  ;  0  ;  0  ;  0  ;  0  ;  0  ;  0  ;  0  ;  0  ;  
34  ;  30  ;  39  ;  1  ;  0  ;  0  ;  0  ;  0  ;  0  ;  0  ;  
39  ;  52  ;  10  ;  11  ;  0  ;  7  ;  0  ;  0  ;  0  ;  0  ;  
0  ;  28  ;  71  ;  13  ;  21  ;  0  ;  0  ;  0  ;  0  ;  0  ;  
0  ;  2  ;  73  ;  11  ;  14  ;  34  ;  0  ;  0  ;  0  ;  0  ;  
0  ;  0  ;  0  ;  39  ;  22  ;  44  ;  0  ;  0  ;  26  ;  1  ;  
0  ;  0  ;  0  ;  0  ;  0  ;  18  ;  18  ;  4  ;  16  ;  0  ;  
0  ;  0  ;  0  ;  0  ;  0  ;  0  ;  8  ;  38  ;  10  ;  11  ;  
0  ;  0  ;  0  ;  0  ;  0  ;  30  ;  26  ;  2  ;  21  ;  3  ;  
0  ;  0  ;  0  ;  0  ;  37  ;  0  ;  5  ;  23  ;  34  ;  20  ;  

-，-，-，-，-，-，-，-，-s1+delta-，-，-，-，-，-，-，-，-
emd_delta_1:    0.30941
emd_me__1plan:    
40  ;  63  ;  0  ;  0  ;  0  ;  0  ;  0  ;  0  ;  0  ;  0  ;  
35  ;  30  ;  39  ;  1  ;  0  ;  0  ;  0  ;  0  ;  0  ;  0  ;  
39  ;  52  ;  10  ;  11  ;  0  ;  7  ;  0  ;  0  ;  0  ;  0  ;  
0  ;  28  ;  71  ;  13  ;  21  ;  0  ;  0  ;  0  ;  0  ;  0  ;  
0  ;  2  ;  73  ;  11  ;  14  ;  34  ;  0  ;  0  ;  0  ;  0  ;  
0  ;  0  ;  0  ;  39  ;  22  ;  44  ;  0  ;  0  ;  26  ;  1  ;  
0  ;  0  ;  0  ;  0  ;  0  ;  18  ;  18  ;  4  ;  16  ;  0  ;  
0  ;  0  ;  0  ;  0  ;  0  ;  0  ;  8  ;  38  ;  10  ;  11  ;  
0  ;  0  ;  0  ;  0  ;  0  ;  30  ;  26  ;  2  ;  21  ;  3  ;  
0  ;  0  ;  0  ;  0  ;  37  ;  0  ;  5  ;  23  ;  34  ;  20  ;  

-，-，-，-，-，-，-，-，-s2+delta-，-，-，-，-，-，-，-，-
emd_delta_2:    0.311005
emd_me__2plan:    
40  ;  63  ;  0  ;  0  ;  0  ;  0  ;  0  ;  0  ;  0  ;  0  ;  
35  ;  29  ;  39  ;  1  ;  0  ;  0  ;  0  ;  0  ;  0  ;  0  ;  
39  ;  53  ;  10  ;  11  ;  0  ;  7  ;  0  ;  0  ;  0  ;  0  ;  
0  ;  28  ;  71  ;  13  ;  21  ;  0  ;  0  ;  0  ;  0  ;  0  ;  
0  ;  2  ;  73  ;  11  ;  14  ;  34  ;  0  ;  0  ;  0  ;  0  ;  
0  ;  0  ;  0  ;  39  ;  22  ;  44  ;  0  ;  0  ;  26  ;  1  ;  
0  ;  0  ;  0  ;  0  ;  0  ;  18  ;  18  ;  4  ;  16  ;  0  ;  
0  ;  0  ;  0  ;  0  ;  0  ;  0  ;  8  ;  38  ;  10  ;  11  ;  
0  ;  0  ;  0  ;  0  ;  0  ;  30  ;  26  ;  2  ;  21  ;  3  ;  
0  ;  0  ;  0  ;  0  ;  37  ;  0  ;  5  ;  23  ;  34  ;  20  ;  

-，-，-，-，-，-，-，-，-s3+delta-，-，-，-，-，-，-，-，-
emd_delta_3:    0.3126
emd_me__3plan:    
40  ;  63  ;  0  ;  0  ;  0  ;  0  ;  0  ;  0  ;  0  ;  0  ;  
35  ;  29  ;  39  ;  1  ;  0  ;  0  ;  0  ;  0  ;  0  ;  0  ;  
39  ;  53  ;  9  ;  11  ;  0  ;  7  ;  0  ;  0  ;  0  ;  0  ;  
0  ;  28  ;  72  ;  13  ;  21  ;  0  ;  0  ;  0  ;  0  ;  0  ;  
0  ;  2  ;  73  ;  11  ;  14  ;  34  ;  0  ;  0  ;  0  ;  0  ;  
0  ;  0  ;  0  ;  39  ;  22  ;  44  ;  0  ;  0  ;  26  ;  1  ;  
0  ;  0  ;  0  ;  0  ;  0  ;  18  ;  18  ;  4  ;  16  ;  0  ;  
0  ;  0  ;  0  ;  0  ;  0  ;  0  ;  8  ;  38  ;  10  ;  11  ;  
0  ;  0  ;  0  ;  0  ;  0  ;  30  ;  26  ;  2  ;  21  ;  3  ;  
0  ;  0  ;  0  ;  0  ;  37  ;  0  ;  5  ;  23  ;  34  ;  20  ;  

-，-，-，-，-，-，-，-，-s4+delta-，-，-，-，-，-，-，-，-
emd_delta_4:    0.314195
emd_me__4plan:    
40  ;  63  ;  0  ;  0  ;  0  ;  0  ;  0  ;  0  ;  0  ;  0  ;  
35  ;  29  ;  39  ;  1  ;  0  ;  0  ;  0  ;  0  ;  0  ;  0  ;  
39  ;  53  ;  9  ;  11  ;  0  ;  7  ;  0  ;  0  ;  0  ;  0  ;  
0  ;  28  ;  72  ;  12  ;  21  ;  0  ;  0  ;  0  ;  0  ;  0  ;  
0  ;  2  ;  73  ;  12  ;  14  ;  34  ;  0  ;  0  ;  0  ;  0  ;  
0  ;  0  ;  0  ;  39  ;  22  ;  44  ;  0  ;  0  ;  26  ;  1  ;  
0  ;  0  ;  0  ;  0  ;  0  ;  18  ;  18  ;  4  ;  16  ;  0  ;  
0  ;  0  ;  0  ;  0  ;  0  ;  0  ;  8  ;  38  ;  10  ;  11  ;  
0  ;  0  ;  0  ;  0  ;  0  ;  30  ;  26  ;  2  ;  21  ;  3  ;  
0  ;  0  ;  0  ;  0  ;  37  ;  0  ;  5  ;  23  ;  34  ;  20  ;  

-，-，-，-，-，-，-，-，-s5+delta-，-，-，-，-，-，-，-，-
emd_delta_5:    0.314195
emd_me__5plan:    
40  ;  63  ;  0  ;  0  ;  0  ;  0  ;  0  ;  0  ;  0  ;  0  ;  
35  ;  29  ;  39  ;  1  ;  0  ;  0  ;  0  ;  0  ;  0  ;  0  ;  
39  ;  53  ;  9  ;  11  ;  0  ;  7  ;  0  ;  0  ;  0  ;  0  ;  
0  ;  28  ;  72  ;  12  ;  21  ;  0  ;  0  ;  0  ;  0  ;  0  ;  
0  ;  2  ;  73  ;  12  ;  14  ;  34  ;  0  ;  0  ;  0  ;  0  ;  
0  ;  0  ;  0  ;  39  ;  22  ;  44  ;  0  ;  0  ;  26  ;  1  ;  
0  ;  0  ;  0  ;  0  ;  0  ;  18  ;  18  ;  4  ;  16  ;  0  ;  
0  ;  0  ;  0  ;  0  ;  0  ;  0  ;  8  ;  38  ;  10  ;  11  ;  
0  ;  0  ;  0  ;  0  ;  0  ;  30  ;  26  ;  2  ;  21  ;  3  ;  
0  ;  0  ;  0  ;  0  ;  37  ;  0  ;  5  ;  23  ;  34  ;  20  ;  

-，-，-，-，-，-，-，-，-s6+delta-，-，-，-，-，-，-，-，-
emd_delta_6:    0.314195
emd_me__6plan:    
40  ;  63  ;  0  ;  0  ;  0  ;  0  ;  0  ;  0  ;  0  ;  0  ;  
35  ;  29  ;  39  ;  1  ;  0  ;  0  ;  0  ;  0  ;  0  ;  0  ;  
39  ;  53  ;  9  ;  11  ;  0  ;  7  ;  0  ;  0  ;  0  ;  0  ;  
0  ;  28  ;  72  ;  12  ;  21  ;  0  ;  0  ;  0  ;  0  ;  0  ;  
0  ;  2  ;  73  ;  12  ;  14  ;  34  ;  0  ;  0  ;  0  ;  0  ;  
0  ;  0  ;  0  ;  39  ;  22  ;  44  ;  0  ;  0  ;  26  ;  1  ;  
0  ;  0  ;  0  ;  0  ;  0  ;  18  ;  18  ;  4  ;  16  ;  0  ;  
0  ;  0  ;  0  ;  0  ;  0  ;  0  ;  8  ;  38  ;  10  ;  11  ;  
0  ;  0  ;  0  ;  0  ;  0  ;  30  ;  26  ;  2  ;  21  ;  3  ;  
0  ;  0  ;  0  ;  0  ;  37  ;  0  ;  5  ;  23  ;  34  ;  20  ;  

-，-，-，-，-，-，-，-，-s7+delta-，-，-，-，-，-，-，-，-
emd_delta_7:    0.314195
emd_me__7plan:    
40  ;  63  ;  0  ;  0  ;  0  ;  0  ;  0  ;  0  ;  0  ;  0  ;  
35  ;  29  ;  39  ;  1  ;  0  ;  0  ;  0  ;  0  ;  0  ;  0  ;  
39  ;  53  ;  9  ;  11  ;  0  ;  7  ;  0  ;  0  ;  0  ;  0  ;  
0  ;  28  ;  72  ;  12  ;  21  ;  0  ;  0  ;  0  ;  0  ;  0  ;  
0  ;  2  ;  73  ;  12  ;  14  ;  34  ;  0  ;  0  ;  0  ;  0  ;  
0  ;  0  ;  0  ;  39  ;  22  ;  44  ;  0  ;  0  ;  26  ;  1  ;  
0  ;  0  ;  0  ;  0  ;  0  ;  18  ;  18  ;  4  ;  16  ;  0  ;  
0  ;  0  ;  0  ;  0  ;  0  ;  0  ;  8  ;  38  ;  10  ;  11  ;  
0  ;  0  ;  0  ;  0  ;  0  ;  30  ;  26  ;  2  ;  21  ;  3  ;  
0  ;  0  ;  0  ;  0  ;  37  ;  0  ;  5  ;  23  ;  34  ;  20  ;  

-，-，-，-，-，-，-，-，-s8+delta-，-，-，-，-，-，-，-，-
emd_delta_8:    0.3126
emd_me__8plan:    
40  ;  63  ;  0  ;  0  ;  0  ;  0  ;  0  ;  0  ;  0  ;  0  ;  
35  ;  29  ;  39  ;  1  ;  0  ;  0  ;  0  ;  0  ;  0  ;  0  ;  
39  ;  53  ;  9  ;  11  ;  0  ;  7  ;  0  ;  0  ;  0  ;  0  ;  
0  ;  28  ;  72  ;  12  ;  21  ;  0  ;  0  ;  0  ;  0  ;  0  ;  
0  ;  2  ;  73  ;  12  ;  14  ;  34  ;  0  ;  0  ;  0  ;  0  ;  
0  ;  0  ;  0  ;  39  ;  22  ;  44  ;  0  ;  0  ;  26  ;  1  ;  
0  ;  0  ;  0  ;  0  ;  0  ;  18  ;  18  ;  4  ;  16  ;  0  ;  
0  ;  0  ;  0  ;  0  ;  0  ;  0  ;  8  ;  38  ;  10  ;  10  ;  
0  ;  0  ;  0  ;  0  ;  0  ;  30  ;  26  ;  2  ;  21  ;  4  ;  
0  ;  0  ;  0  ;  0  ;  37  ;  0  ;  5  ;  23  ;  34  ;  20  ;  

-，-，-，-，-，-，-，-，-s9+delta-，-，-，-，-，-，-，-，-
emd_delta_9:    0.311005
emd_me__9plan:    
40  ;  63  ;  0  ;  0  ;  0  ;  0  ;  0  ;  0  ;  0  ;  0  ;  
35  ;  29  ;  39  ;  1  ;  0  ;  0  ;  0  ;  0  ;  0  ;  0  ;  
39  ;  53  ;  9  ;  11  ;  0  ;  7  ;  0  ;  0  ;  0  ;  0  ;  
0  ;  28  ;  72  ;  12  ;  21  ;  0  ;  0  ;  0  ;  0  ;  0  ;  
0  ;  2  ;  73  ;  12  ;  14  ;  34  ;  0  ;  0  ;  0  ;  0  ;  
0  ;  0  ;  0  ;  39  ;  22  ;  44  ;  0  ;  0  ;  26  ;  1  ;  
0  ;  0  ;  0  ;  0  ;  0  ;  18  ;  18  ;  4  ;  16  ;  0  ;  
0  ;  0  ;  0  ;  0  ;  0  ;  0  ;  8  ;  38  ;  10  ;  10  ;  
0  ;  0  ;  0  ;  0  ;  0  ;  30  ;  26  ;  2  ;  21  ;  3  ;  
0  ;  0  ;  0  ;  0  ;  37  ;  0  ;  5  ;  23  ;  34  ;  21  ;  

gradiant:(with delta=1)
-0.00688151 -0.0052866 -0.0036917 -0.0020968 -0.000501901 -0.000501901 -0.000501901 -0.000501901 -0.0020968 -0.0036917 
