Supplys(in rows):
s0	s1	s2	s3	s4	s5	s6	s7	s8	s9	
10	96	86	83	84	32	38	40	46	10	
Demands(in cols):
d0	d1	d2	d3	d4	d5	d6	d7	d8	d9	
26	98	60	87	54	98	71	27	56	59	
delta:1

emd_me:    0.146226
emd_opencv:    0.146226
emd_me_plan:    
10  ;  0  ;  0  ;  0  ;  0  ;  0  ;  0  ;  0  ;  0  ;  0  ;  
16  ;  80  ;  0  ;  0  ;  0  ;  0  ;  0  ;  0  ;  0  ;  0  ;  
38  ;  18  ;  60  ;  8  ;  0  ;  7  ;  0  ;  0  ;  0  ;  0  ;  
0  ;  28  ;  0  ;  79  ;  4  ;  0  ;  0  ;  0  ;  0  ;  0  ;  
0  ;  1  ;  73  ;  0  ;  14  ;  34  ;  0  ;  0  ;  0  ;  0  ;  
0  ;  0  ;  0  ;  39  ;  0  ;  32  ;  0  ;  0  ;  0  ;  0  ;  
0  ;  0  ;  0  ;  0  ;  0  ;  18  ;  38  ;  0  ;  0  ;  0  ;  
0  ;  0  ;  0  ;  0  ;  0  ;  0  ;  3  ;  27  ;  10  ;  0  ;  
0  ;  0  ;  0  ;  0  ;  0  ;  0  ;  31  ;  40  ;  46  ;  4  ;  
0  ;  0  ;  0  ;  0  ;  37  ;  0  ;  5  ;  0  ;  0  ;  10  ;  

emd_opencv_plan:    
10 :: 0 :: 0 :: 0 :: 0 :: 0 :: 0 :: 0 :: 0 :: 0 :: 
16 :: 80 :: 0 :: 0 :: 0 :: 0 :: 0 :: 0 :: 0 :: 0 :: 
38 :: 18 :: 60 :: 8 :: 0 :: 7 :: 0 :: 0 :: 0 :: 0 :: 
0 :: 28 :: 0 :: 79 :: 4 :: 0 :: 0 :: 0 :: 0 :: 0 :: 
0 :: 1 :: 73 :: 0 :: 50 :: 34 :: 0 :: 0 :: 0 :: 0 :: 
0 :: 0 :: 0 :: 39 :: 0 :: 32 :: 0 :: 0 :: 0 :: 0 :: 
0 :: 0 :: 0 :: 0 :: 0 :: 18 :: 38 :: 0 :: 0 :: 0 :: 
0 :: 0 :: 0 :: 0 :: 0 :: 0 :: 3 :: 27 :: 10 :: 0 :: 
0 :: 0 :: 0 :: 0 :: 0 :: 0 :: 31 :: 40 :: 46 :: 4 :: 
0 :: 0 :: 0 :: 0 :: 36 :: 0 :: 5 :: 0 :: 0 :: 10 :: 
-，-，-，-，-，-，-，-，-s0+delta-，-，-，-，-，-，-，-，-
emd_delta_0:    0.147799
emd_me__0plan:    
11  ;  0  ;  0  ;  0  ;  0  ;  0  ;  0  ;  0  ;  0  ;  0  ;  
15  ;  81  ;  0  ;  0  ;  0  ;  0  ;  0  ;  0  ;  0  ;  0  ;  
39  ;  17  ;  60  ;  9  ;  0  ;  7  ;  0  ;  0  ;  0  ;  0  ;  
0  ;  28  ;  0  ;  78  ;  5  ;  0  ;  0  ;  0  ;  0  ;  0  ;  
0  ;  2  ;  73  ;  19  ;  14  ;  35  ;  0  ;  0  ;  0  ;  0  ;  
0  ;  0  ;  0  ;  39  ;  0  ;  32  ;  0  ;  0  ;  0  ;  0  ;  
0  ;  0  ;  0  ;  0  ;  0  ;  18  ;  38  ;  0  ;  0  ;  0  ;  
0  ;  0  ;  0  ;  0  ;  0  ;  0  ;  3  ;  27  ;  10  ;  0  ;  
0  ;  0  ;  0  ;  0  ;  0  ;  0  ;  31  ;  40  ;  46  ;  3  ;  
0  ;  0  ;  0  ;  0  ;  37  ;  0  ;  5  ;  0  ;  0  ;  10  ;  

-，-，-，-，-，-，-，-，-s1+delta-，-，-，-，-，-，-，-，-
emd_delta_1:    0.149371
emd_me__1plan:    
10  ;  0  ;  0  ;  0  ;  0  ;  0  ;  0  ;  0  ;  0  ;  0  ;  
16  ;  81  ;  0  ;  0  ;  0  ;  0  ;  0  ;  0  ;  0  ;  0  ;  
39  ;  17  ;  60  ;  9  ;  0  ;  7  ;  0  ;  0  ;  0  ;  0  ;  
0  ;  28  ;  0  ;  78  ;  5  ;  0  ;  0  ;  0  ;  0  ;  0  ;  
0  ;  2  ;  73  ;  19  ;  14  ;  35  ;  0  ;  0  ;  0  ;  0  ;  
0  ;  0  ;  0  ;  39  ;  0  ;  32  ;  0  ;  0  ;  0  ;  0  ;  
0  ;  0  ;  0  ;  0  ;  0  ;  18  ;  38  ;  0  ;  0  ;  0  ;  
0  ;  0  ;  0  ;  0  ;  0  ;  0  ;  3  ;  27  ;  10  ;  0  ;  
0  ;  0  ;  0  ;  0  ;  0  ;  0  ;  31  ;  40  ;  46  ;  3  ;  
0  ;  0  ;  0  ;  0  ;  37  ;  0  ;  5  ;  0  ;  0  ;  10  ;  

-，-，-，-，-，-，-，-，-s2+delta-，-，-，-，-，-，-，-，-
emd_delta_2:    0.150943
emd_me__2plan:    
10  ;  0  ;  0  ;  0  ;  0  ;  0  ;  0  ;  0  ;  0  ;  0  ;  
16  ;  80  ;  0  ;  0  ;  0  ;  0  ;  0  ;  0  ;  0  ;  0  ;  
39  ;  18  ;  60  ;  9  ;  0  ;  7  ;  0  ;  0  ;  0  ;  0  ;  
0  ;  28  ;  0  ;  78  ;  5  ;  0  ;  0  ;  0  ;  0  ;  0  ;  
0  ;  2  ;  73  ;  19  ;  14  ;  35  ;  0  ;  0  ;  0  ;  0  ;  
0  ;  0  ;  0  ;  39  ;  0  ;  32  ;  0  ;  0  ;  0  ;  0  ;  
0  ;  0  ;  0  ;  0  ;  0  ;  18  ;  38  ;  0  ;  0  ;  0  ;  
0  ;  0  ;  0  ;  0  ;  0  ;  0  ;  3  ;  27  ;  10  ;  0  ;  
0  ;  0  ;  0  ;  0  ;  0  ;  0  ;  31  ;  40  ;  46  ;  3  ;  
0  ;  0  ;  0  ;  0  ;  37  ;  0  ;  5  ;  0  ;  0  ;  10  ;  

-，-，-，-，-，-，-，-，-s3+delta-，-，-，-，-，-，-，-，-
emd_delta_3:    0.149371
emd_me__3plan:    
10  ;  0  ;  0  ;  0  ;  0  ;  0  ;  0  ;  0  ;  0  ;  0  ;  
16  ;  80  ;  0  ;  0  ;  0  ;  0  ;  0  ;  0  ;  0  ;  0  ;  
39  ;  18  ;  60  ;  8  ;  0  ;  7  ;  0  ;  0  ;  0  ;  0  ;  
0  ;  28  ;  0  ;  79  ;  5  ;  0  ;  0  ;  0  ;  0  ;  0  ;  
0  ;  2  ;  73  ;  19  ;  14  ;  35  ;  0  ;  0  ;  0  ;  0  ;  
0  ;  0  ;  0  ;  39  ;  0  ;  32  ;  0  ;  0  ;  0  ;  0  ;  
0  ;  0  ;  0  ;  0  ;  0  ;  18  ;  38  ;  0  ;  0  ;  0  ;  
0  ;  0  ;  0  ;  0  ;  0  ;  0  ;  3  ;  27  ;  10  ;  0  ;  
0  ;  0  ;  0  ;  0  ;  0  ;  0  ;  31  ;  40  ;  46  ;  3  ;  
0  ;  0  ;  0  ;  0  ;  37  ;  0  ;  5  ;  0  ;  0  ;  10  ;  

-，-，-，-，-，-，-，-，-s4+delta-，-，-，-，-，-，-，-，-
emd_delta_4:    0.147799
emd_me__4plan:    
10  ;  0  ;  0  ;  0  ;  0  ;  0  ;  0  ;  0  ;  0  ;  0  ;  
16  ;  80  ;  0  ;  0  ;  0  ;  0  ;  0  ;  0  ;  0  ;  0  ;  
39  ;  18  ;  60  ;  8  ;  0  ;  7  ;  0  ;  0  ;  0  ;  0  ;  
0  ;  28  ;  0  ;  79  ;  4  ;  0  ;  0  ;  0  ;  0  ;  0  ;  
0  ;  2  ;  73  ;  19  ;  14  ;  35  ;  0  ;  0  ;  0  ;  0  ;  
0  ;  0  ;  0  ;  39  ;  0  ;  32  ;  0  ;  0  ;  0  ;  0  ;  
0  ;  0  ;  0  ;  0  ;  0  ;  18  ;  38  ;  0  ;  0  ;  0  ;  
0  ;  0  ;  0  ;  0  ;  0  ;  0  ;  3  ;  27  ;  10  ;  0  ;  
0  ;  0  ;  0  ;  0  ;  0  ;  0  ;  31  ;  40  ;  46  ;  3  ;  
0  ;  0  ;  0  ;  0  ;  37  ;  0  ;  5  ;  0  ;  0  ;  10  ;  

-，-，-，-，-，-，-，-，-s5+delta-，-，-，-，-，-，-，-，-
emd_delta_5:    0.146226
emd_me__5plan:    
10  ;  0  ;  0  ;  0  ;  0  ;  0  ;  0  ;  0  ;  0  ;  0  ;  
16  ;  80  ;  0  ;  0  ;  0  ;  0  ;  0  ;  0  ;  0  ;  0  ;  
39  ;  18  ;  60  ;  8  ;  0  ;  7  ;  0  ;  0  ;  0  ;  0  ;  
0  ;  28  ;  0  ;  79  ;  4  ;  0  ;  0  ;  0  ;  0  ;  0  ;  
0  ;  2  ;  73  ;  19  ;  14  ;  34  ;  0  ;  0  ;  0  ;  0  ;  
0  ;  0  ;  0  ;  39  ;  0  ;  33  ;  0  ;  0  ;  0  ;  0  ;  
0  ;  0  ;  0  ;  0  ;  0  ;  18  ;  38  ;  0  ;  0  ;  0  ;  
0  ;  0  ;  0  ;  0  ;  0  ;  0  ;  3  ;  27  ;  10  ;  0  ;  
0  ;  0  ;  0  ;  0  ;  0  ;  0  ;  31  ;  40  ;  46  ;  3  ;  
0  ;  0  ;  0  ;  0  ;  37  ;  0  ;  5  ;  0  ;  0  ;  10  ;  

-，-，-，-，-，-，-，-，-s6+delta-，-，-，-，-，-，-，-，-
emd_delta_6:    0.146226
emd_me__6plan:    
10  ;  0  ;  0  ;  0  ;  0  ;  0  ;  0  ;  0  ;  0  ;  0  ;  
16  ;  80  ;  0  ;  0  ;  0  ;  0  ;  0  ;  0  ;  0  ;  0  ;  
39  ;  18  ;  60  ;  8  ;  0  ;  7  ;  0  ;  0  ;  0  ;  0  ;  
0  ;  28  ;  0  ;  79  ;  4  ;  0  ;  0  ;  0  ;  0  ;  0  ;  
0  ;  2  ;  73  ;  19  ;  14  ;  34  ;  0  ;  0  ;  0  ;  0  ;  
0  ;  0  ;  0  ;  39  ;  0  ;  32  ;  0  ;  0  ;  0  ;  0  ;  
0  ;  0  ;  0  ;  0  ;  0  ;  18  ;  39  ;  0  ;  0  ;  0  ;  
0  ;  0  ;  0  ;  0  ;  0  ;  0  ;  3  ;  27  ;  10  ;  0  ;  
0  ;  0  ;  0  ;  0  ;  0  ;  0  ;  31  ;  40  ;  46  ;  3  ;  
0  ;  0  ;  0  ;  0  ;  37  ;  0  ;  5  ;  0  ;  0  ;  10  ;  

-，-，-，-，-，-，-，-，-s7+delta-，-，-，-，-，-，-，-，-
emd_delta_7:    0.147799
emd_me__7plan:    
10  ;  0  ;  0  ;  0  ;  0  ;  0  ;  0  ;  0  ;  0  ;  0  ;  
16  ;  80  ;  0  ;  0  ;  0  ;  0  ;  0  ;  0  ;  0  ;  0  ;  
39  ;  18  ;  60  ;  8  ;  0  ;  7  ;  0  ;  0  ;  0  ;  0  ;  
0  ;  28  ;  0  ;  79  ;  4  ;  0  ;  0  ;  0  ;  0  ;  0  ;  
0  ;  2  ;  73  ;  19  ;  14  ;  34  ;  0  ;  0  ;  0  ;  0  ;  
0  ;  0  ;  0  ;  39  ;  0  ;  32  ;  0  ;  0  ;  0  ;  0  ;  
0  ;  0  ;  0  ;  0  ;  0  ;  18  ;  38  ;  0  ;  0  ;  0  ;  
0  ;  0  ;  0  ;  0  ;  0  ;  0  ;  4  ;  27  ;  10  ;  0  ;  
0  ;  0  ;  0  ;  0  ;  0  ;  0  ;  31  ;  40  ;  46  ;  3  ;  
0  ;  0  ;  0  ;  0  ;  37  ;  0  ;  5  ;  0  ;  0  ;  10  ;  

-，-，-，-，-，-，-，-，-s8+delta-，-，-，-，-，-，-，-，-
emd_delta_8:    0.146226
emd_me__8plan:    
10  ;  0  ;  0  ;  0  ;  0  ;  0  ;  0  ;  0  ;  0  ;  0  ;  
16  ;  80  ;  0  ;  0  ;  0  ;  0  ;  0  ;  0  ;  0  ;  0  ;  
39  ;  18  ;  60  ;  8  ;  0  ;  7  ;  0  ;  0  ;  0  ;  0  ;  
0  ;  28  ;  0  ;  79  ;  4  ;  0  ;  0  ;  0  ;  0  ;  0  ;  
0  ;  2  ;  73  ;  19  ;  14  ;  34  ;  0  ;  0  ;  0  ;  0  ;  
0  ;  0  ;  0  ;  39  ;  0  ;  32  ;  0  ;  0  ;  0  ;  0  ;  
0  ;  0  ;  0  ;  0  ;  0  ;  18  ;  38  ;  0  ;  0  ;  0  ;  
0  ;  0  ;  0  ;  0  ;  0  ;  0  ;  4  ;  27  ;  9  ;  0  ;  
0  ;  0  ;  0  ;  0  ;  0  ;  0  ;  31  ;  40  ;  47  ;  3  ;  
0  ;  0  ;  0  ;  0  ;  37  ;  0  ;  5  ;  0  ;  0  ;  10  ;  

-，-，-，-，-，-，-，-，-s9+delta-，-，-，-，-，-，-，-，-
emd_delta_9:    0.146226
emd_me__9plan:    
10  ;  0  ;  0  ;  0  ;  0  ;  0  ;  0  ;  0  ;  0  ;  0  ;  
16  ;  80  ;  0  ;  0  ;  0  ;  0  ;  0  ;  0  ;  0  ;  0  ;  
39  ;  18  ;  60  ;  8  ;  0  ;  7  ;  0  ;  0  ;  0  ;  0  ;  
0  ;  28  ;  0  ;  79  ;  4  ;  0  ;  0  ;  0  ;  0  ;  0  ;  
0  ;  2  ;  73  ;  19  ;  14  ;  34  ;  0  ;  0  ;  0  ;  0  ;  
0  ;  0  ;  0  ;  39  ;  0  ;  32  ;  0  ;  0  ;  0  ;  0  ;  
0  ;  0  ;  0  ;  0  ;  0  ;  18  ;  38  ;  0  ;  0  ;  0  ;  
0  ;  0  ;  0  ;  0  ;  0  ;  0  ;  3  ;  27  ;  10  ;  0  ;  
0  ;  0  ;  0  ;  0  ;  0  ;  0  ;  31  ;  40  ;  46  ;  3  ;  
0  ;  0  ;  0  ;  0  ;  37  ;  0  ;  5  ;  0  ;  0  ;  11  ;  

gradiant:(with delta=1)
0.00157233 0.00314465 0.00471698 0.00314465 0.00157233 0 0 0.00157233 0 0 
