Supplys(in rows):
s0	s1	s2	s3	s4	s5	s6	s7	s8	s9	
20	91	75	62	47	100	87	19	39	88	
Demands(in cols):
d0	d1	d2	d3	d4	d5	d6	d7	d8	d9	
75	98	29	31	44	61	83	46	73	15	
delta:1


emd_me:    0.345541
emd_opencv:    0.345541
emd_me_plan:    
20  ;  63  ;  0  ;  0  ;  0  ;  0  ;  0  ;  0  ;  0  ;  0  ;  
55  ;  36  ;  39  ;  0  ;  0  ;  0  ;  0  ;  0  ;  0  ;  0  ;  
38  ;  62  ;  13  ;  11  ;  0  ;  7  ;  0  ;  0  ;  0  ;  0  ;  
0  ;  28  ;  16  ;  31  ;  21  ;  0  ;  0  ;  0  ;  0  ;  0  ;  
0  ;  1  ;  73  ;  0  ;  14  ;  33  ;  0  ;  0  ;  0  ;  0  ;  
0  ;  0  ;  0  ;  39  ;  22  ;  61  ;  0  ;  0  ;  26  ;  1  ;  
0  ;  0  ;  0  ;  0  ;  0  ;  18  ;  83  ;  4  ;  16  ;  0  ;  
0  ;  0  ;  0  ;  0  ;  0  ;  0  ;  3  ;  19  ;  10  ;  0  ;  
0  ;  0  ;  0  ;  0  ;  0  ;  29  ;  26  ;  2  ;  39  ;  6  ;  
0  ;  0  ;  0  ;  0  ;  37  ;  0  ;  5  ;  23  ;  34  ;  15  ;  

emd_opencv_plan:    
20 :: 63 :: 0 :: 0 :: 0 :: 0 :: 0 :: 0 :: 0 :: 0 :: 
55 :: 36 :: 39 :: 0 :: 0 :: 0 :: 0 :: 0 :: 0 :: 0 :: 
38 :: 62 :: 13 :: 11 :: 0 :: 7 :: 0 :: 0 :: 0 :: 0 :: 
0 :: 28 :: 16 :: 31 :: 21 :: 0 :: 0 :: 0 :: 0 :: 0 :: 
0 :: 1 :: 73 :: 0 :: 44 :: 34 :: 0 :: 0 :: 0 :: 0 :: 
0 :: 0 :: 0 :: 39 :: 22 :: 61 :: 0 :: 0 :: 26 :: 1 :: 
0 :: 0 :: 0 :: 0 :: 0 :: 18 :: 83 :: 4 :: 16 :: 0 :: 
0 :: 0 :: 0 :: 0 :: 0 :: 0 :: 8 :: 19 :: 10 :: 0 :: 
0 :: 0 :: 0 :: 0 :: 0 :: 29 :: 26 :: 2 :: 39 :: 6 :: 
0 :: 0 :: 0 :: 0 :: 36 :: 0 :: 5 :: 23 :: 34 :: 15 :: 
-，-，-，-，-，-，-，-，-s0+delta-，-，-，-，-，-，-，-，-
emd_delta_0:    0.345541
emd_me__0plan:    
20  ;  62  ;  0  ;  0  ;  0  ;  0  ;  0  ;  0  ;  0  ;  0  ;  
55  ;  36  ;  38  ;  0  ;  0  ;  0  ;  0  ;  0  ;  0  ;  0  ;  
39  ;  62  ;  13  ;  10  ;  0  ;  7  ;  0  ;  0  ;  0  ;  0  ;  
0  ;  28  ;  16  ;  31  ;  21  ;  0  ;  0  ;  0  ;  0  ;  0  ;  
0  ;  2  ;  73  ;  0  ;  14  ;  33  ;  0  ;  0  ;  0  ;  0  ;  
0  ;  0  ;  0  ;  39  ;  22  ;  61  ;  0  ;  0  ;  26  ;  1  ;  
0  ;  0  ;  0  ;  0  ;  0  ;  18  ;  83  ;  4  ;  16  ;  0  ;  
0  ;  0  ;  0  ;  0  ;  0  ;  0  ;  8  ;  19  ;  10  ;  0  ;  
0  ;  0  ;  0  ;  0  ;  0  ;  30  ;  26  ;  2  ;  39  ;  5  ;  
0  ;  0  ;  0  ;  0  ;  37  ;  0  ;  5  ;  23  ;  34  ;  15  ;  

-，-，-，-，-，-，-，-，-s1+delta-，-，-，-，-，-，-，-，-
emd_delta_1:    0.347134
emd_me__1plan:    
19  ;  62  ;  0  ;  0  ;  0  ;  0  ;  0  ;  0  ;  0  ;  0  ;  
56  ;  36  ;  38  ;  0  ;  0  ;  0  ;  0  ;  0  ;  0  ;  0  ;  
39  ;  62  ;  13  ;  10  ;  0  ;  7  ;  0  ;  0  ;  0  ;  0  ;  
0  ;  28  ;  16  ;  31  ;  21  ;  0  ;  0  ;  0  ;  0  ;  0  ;  
0  ;  2  ;  73  ;  0  ;  14  ;  33  ;  0  ;  0  ;  0  ;  0  ;  
0  ;  0  ;  0  ;  39  ;  22  ;  61  ;  0  ;  0  ;  26  ;  1  ;  
0  ;  0  ;  0  ;  0  ;  0  ;  18  ;  83  ;  4  ;  16  ;  0  ;  
0  ;  0  ;  0  ;  0  ;  0  ;  0  ;  8  ;  19  ;  10  ;  0  ;  
0  ;  0  ;  0  ;  0  ;  0  ;  30  ;  26  ;  2  ;  39  ;  5  ;  
0  ;  0  ;  0  ;  0  ;  37  ;  0  ;  5  ;  23  ;  34  ;  15  ;  

-，-，-，-，-，-，-，-，-s2+delta-，-，-，-，-，-，-，-，-
emd_delta_2:    0.348726
emd_me__2plan:    
19  ;  62  ;  0  ;  0  ;  0  ;  0  ;  0  ;  0  ;  0  ;  0  ;  
56  ;  35  ;  38  ;  0  ;  0  ;  0  ;  0  ;  0  ;  0  ;  0  ;  
39  ;  63  ;  13  ;  10  ;  0  ;  7  ;  0  ;  0  ;  0  ;  0  ;  
0  ;  28  ;  16  ;  31  ;  21  ;  0  ;  0  ;  0  ;  0  ;  0  ;  
0  ;  2  ;  73  ;  0  ;  14  ;  33  ;  0  ;  0  ;  0  ;  0  ;  
0  ;  0  ;  0  ;  39  ;  22  ;  61  ;  0  ;  0  ;  26  ;  1  ;  
0  ;  0  ;  0  ;  0  ;  0  ;  18  ;  83  ;  4  ;  16  ;  0  ;  
0  ;  0  ;  0  ;  0  ;  0  ;  0  ;  8  ;  19  ;  10  ;  0  ;  
0  ;  0  ;  0  ;  0  ;  0  ;  30  ;  26  ;  2  ;  39  ;  5  ;  
0  ;  0  ;  0  ;  0  ;  37  ;  0  ;  5  ;  23  ;  34  ;  15  ;  

-，-，-，-，-，-，-，-，-s3+delta-，-，-，-，-，-，-，-，-
emd_delta_3:    0.350318
emd_me__3plan:    
19  ;  62  ;  0  ;  0  ;  0  ;  0  ;  0  ;  0  ;  0  ;  0  ;  
56  ;  35  ;  38  ;  0  ;  0  ;  0  ;  0  ;  0  ;  0  ;  0  ;  
39  ;  63  ;  12  ;  10  ;  0  ;  7  ;  0  ;  0  ;  0  ;  0  ;  
0  ;  28  ;  17  ;  31  ;  21  ;  0  ;  0  ;  0  ;  0  ;  0  ;  
0  ;  2  ;  73  ;  0  ;  14  ;  33  ;  0  ;  0  ;  0  ;  0  ;  
0  ;  0  ;  0  ;  39  ;  22  ;  61  ;  0  ;  0  ;  26  ;  1  ;  
0  ;  0  ;  0  ;  0  ;  0  ;  18  ;  83  ;  4  ;  16  ;  0  ;  
0  ;  0  ;  0  ;  0  ;  0  ;  0  ;  8  ;  19  ;  10  ;  0  ;  
0  ;  0  ;  0  ;  0  ;  0  ;  30  ;  26  ;  2  ;  39  ;  5  ;  
0  ;  0  ;  0  ;  0  ;  37  ;  0  ;  5  ;  23  ;  34  ;  15  ;  

-，-，-，-，-，-，-，-，-s4+delta-，-，-，-，-，-，-，-，-
emd_delta_4:    0.350318
emd_me__4plan:    
19  ;  62  ;  0  ;  0  ;  0  ;  0  ;  0  ;  0  ;  0  ;  0  ;  
56  ;  35  ;  38  ;  0  ;  0  ;  0  ;  0  ;  0  ;  0  ;  0  ;  
39  ;  63  ;  12  ;  10  ;  0  ;  7  ;  0  ;  0  ;  0  ;  0  ;  
0  ;  28  ;  17  ;  31  ;  21  ;  0  ;  0  ;  0  ;  0  ;  0  ;  
0  ;  2  ;  73  ;  0  ;  14  ;  33  ;  0  ;  0  ;  0  ;  0  ;  
0  ;  0  ;  0  ;  39  ;  22  ;  61  ;  0  ;  0  ;  26  ;  1  ;  
0  ;  0  ;  0  ;  0  ;  0  ;  18  ;  83  ;  4  ;  16  ;  0  ;  
0  ;  0  ;  0  ;  0  ;  0  ;  0  ;  8  ;  19  ;  10  ;  0  ;  
0  ;  0  ;  0  ;  0  ;  0  ;  30  ;  26  ;  2  ;  39  ;  5  ;  
0  ;  0  ;  0  ;  0  ;  37  ;  0  ;  5  ;  23  ;  34  ;  15  ;  

-，-，-，-，-，-，-，-，-s5+delta-，-，-，-，-，-，-，-，-
emd_delta_5:    0.350318
emd_me__5plan:    
19  ;  62  ;  0  ;  0  ;  0  ;  0  ;  0  ;  0  ;  0  ;  0  ;  
56  ;  35  ;  38  ;  0  ;  0  ;  0  ;  0  ;  0  ;  0  ;  0  ;  
39  ;  63  ;  12  ;  10  ;  0  ;  7  ;  0  ;  0  ;  0  ;  0  ;  
0  ;  28  ;  17  ;  31  ;  21  ;  0  ;  0  ;  0  ;  0  ;  0  ;  
0  ;  2  ;  73  ;  0  ;  14  ;  33  ;  0  ;  0  ;  0  ;  0  ;  
0  ;  0  ;  0  ;  39  ;  22  ;  61  ;  0  ;  0  ;  26  ;  1  ;  
0  ;  0  ;  0  ;  0  ;  0  ;  18  ;  83  ;  4  ;  16  ;  0  ;  
0  ;  0  ;  0  ;  0  ;  0  ;  0  ;  8  ;  19  ;  10  ;  0  ;  
0  ;  0  ;  0  ;  0  ;  0  ;  30  ;  26  ;  2  ;  39  ;  5  ;  
0  ;  0  ;  0  ;  0  ;  37  ;  0  ;  5  ;  23  ;  34  ;  15  ;  

-，-，-，-，-，-，-，-，-s6+delta-，-，-，-，-，-，-，-，-
emd_delta_6:    0.348726
emd_me__6plan:    
19  ;  62  ;  0  ;  0  ;  0  ;  0  ;  0  ;  0  ;  0  ;  0  ;  
56  ;  35  ;  38  ;  0  ;  0  ;  0  ;  0  ;  0  ;  0  ;  0  ;  
39  ;  63  ;  12  ;  10  ;  0  ;  7  ;  0  ;  0  ;  0  ;  0  ;  
0  ;  28  ;  17  ;  31  ;  21  ;  0  ;  0  ;  0  ;  0  ;  0  ;  
0  ;  2  ;  73  ;  0  ;  14  ;  33  ;  0  ;  0  ;  0  ;  0  ;  
0  ;  0  ;  0  ;  39  ;  22  ;  61  ;  0  ;  0  ;  26  ;  1  ;  
0  ;  0  ;  0  ;  0  ;  0  ;  18  ;  83  ;  5  ;  16  ;  0  ;  
0  ;  0  ;  0  ;  0  ;  0  ;  0  ;  8  ;  19  ;  10  ;  0  ;  
0  ;  0  ;  0  ;  0  ;  0  ;  30  ;  26  ;  2  ;  39  ;  5  ;  
0  ;  0  ;  0  ;  0  ;  37  ;  0  ;  5  ;  22  ;  34  ;  15  ;  

-，-，-，-，-，-，-，-，-s7+delta-，-，-，-，-，-，-，-，-
emd_delta_7:    0.347134
emd_me__7plan:    
19  ;  62  ;  0  ;  0  ;  0  ;  0  ;  0  ;  0  ;  0  ;  0  ;  
56  ;  35  ;  38  ;  0  ;  0  ;  0  ;  0  ;  0  ;  0  ;  0  ;  
39  ;  63  ;  12  ;  10  ;  0  ;  7  ;  0  ;  0  ;  0  ;  0  ;  
0  ;  28  ;  17  ;  31  ;  21  ;  0  ;  0  ;  0  ;  0  ;  0  ;  
0  ;  2  ;  73  ;  0  ;  14  ;  33  ;  0  ;  0  ;  0  ;  0  ;  
0  ;  0  ;  0  ;  39  ;  22  ;  61  ;  0  ;  0  ;  26  ;  1  ;  
0  ;  0  ;  0  ;  0  ;  0  ;  18  ;  83  ;  4  ;  16  ;  0  ;  
0  ;  0  ;  0  ;  0  ;  0  ;  0  ;  8  ;  20  ;  10  ;  0  ;  
0  ;  0  ;  0  ;  0  ;  0  ;  30  ;  26  ;  2  ;  39  ;  5  ;  
0  ;  0  ;  0  ;  0  ;  37  ;  0  ;  5  ;  22  ;  34  ;  15  ;  

-，-，-，-，-，-，-，-，-s8+delta-，-，-，-，-，-，-，-，-
emd_delta_8:    0.348726
emd_me__8plan:    
19  ;  62  ;  0  ;  0  ;  0  ;  0  ;  0  ;  0  ;  0  ;  0  ;  
56  ;  35  ;  38  ;  0  ;  0  ;  0  ;  0  ;  0  ;  0  ;  0  ;  
39  ;  63  ;  12  ;  10  ;  0  ;  7  ;  0  ;  0  ;  0  ;  0  ;  
0  ;  28  ;  17  ;  31  ;  21  ;  0  ;  0  ;  0  ;  0  ;  0  ;  
0  ;  2  ;  73  ;  0  ;  14  ;  33  ;  0  ;  0  ;  0  ;  0  ;  
0  ;  0  ;  0  ;  39  ;  22  ;  61  ;  0  ;  0  ;  26  ;  1  ;  
0  ;  0  ;  0  ;  0  ;  0  ;  18  ;  83  ;  4  ;  16  ;  0  ;  
0  ;  0  ;  0  ;  0  ;  0  ;  0  ;  8  ;  19  ;  10  ;  0  ;  
0  ;  0  ;  0  ;  0  ;  0  ;  30  ;  26  ;  2  ;  40  ;  5  ;  
0  ;  0  ;  0  ;  0  ;  37  ;  0  ;  5  ;  23  ;  33  ;  15  ;  

-，-，-，-，-，-，-，-，-s9+delta-，-，-，-，-，-，-，-，-
emd_delta_9:    0.350318
emd_me__9plan:    
19  ;  62  ;  0  ;  0  ;  0  ;  0  ;  0  ;  0  ;  0  ;  0  ;  
56  ;  35  ;  38  ;  0  ;  0  ;  0  ;  0  ;  0  ;  0  ;  0  ;  
39  ;  63  ;  12  ;  10  ;  0  ;  7  ;  0  ;  0  ;  0  ;  0  ;  
0  ;  28  ;  17  ;  31  ;  21  ;  0  ;  0  ;  0  ;  0  ;  0  ;  
0  ;  2  ;  73  ;  0  ;  14  ;  33  ;  0  ;  0  ;  0  ;  0  ;  
0  ;  0  ;  0  ;  39  ;  22  ;  61  ;  0  ;  0  ;  26  ;  1  ;  
0  ;  0  ;  0  ;  0  ;  0  ;  18  ;  83  ;  4  ;  16  ;  0  ;  
0  ;  0  ;  0  ;  0  ;  0  ;  0  ;  8  ;  19  ;  10  ;  0  ;  
0  ;  0  ;  0  ;  0  ;  0  ;  30  ;  26  ;  2  ;  39  ;  5  ;  
0  ;  0  ;  0  ;  0  ;  37  ;  0  ;  5  ;  23  ;  34  ;  15  ;  

gradiant:(with delta=1)
0 0.00159237 0.00318474 0.00477707 0.00477707 0.00477707 0.00318474 0.00159237 0.00318474 0.00477707 
