Supplys(in rows):
s0	s1	s2	s3	s4	s5	s6	s7	s8	s9	
71	73	26	86	63	93	20	85	34	85	
Demands(in cols):
d0	d1	d2	d3	d4	d5	d6	d7	d8	d9	
48	63	19	40	24	44	72	40	92	34	
delta:1


emd_me:    0.172956
emd_opencv:    0.172956
emd_me_plan:    
48  ;  19  ;  0  ;  0  ;  0  ;  0  ;  0  ;  0  ;  0  ;  0  ;  
35  ;  63  ;  42  ;  0  ;  0  ;  0  ;  0  ;  0  ;  0  ;  0  ;  
38  ;  53  ;  19  ;  13  ;  0  ;  7  ;  0  ;  0  ;  0  ;  0  ;  
0  ;  28  ;  72  ;  40  ;  21  ;  0  ;  0  ;  0  ;  0  ;  0  ;  
0  ;  1  ;  73  ;  24  ;  14  ;  33  ;  0  ;  0  ;  0  ;  0  ;  
0  ;  0  ;  0  ;  1  ;  22  ;  73  ;  14  ;  0  ;  26  ;  1  ;  
0  ;  0  ;  0  ;  0  ;  0  ;  18  ;  20  ;  4  ;  16  ;  0  ;  
0  ;  0  ;  0  ;  0  ;  0  ;  0  ;  38  ;  40  ;  7  ;  11  ;  
0  ;  0  ;  0  ;  0  ;  0  ;  29  ;  26  ;  2  ;  34  ;  3  ;  
0  ;  0  ;  0  ;  0  ;  37  ;  0  ;  5  ;  23  ;  51  ;  34  ;  

emd_opencv_plan:    
48 :: 19 :: 0 :: 0 :: 0 :: 0 :: 0 :: 0 :: 0 :: 0 :: 
35 :: 63 :: 42 :: 0 :: 0 :: 0 :: 0 :: 0 :: 0 :: 0 :: 
38 :: 53 :: 19 :: 13 :: 0 :: 7 :: 0 :: 0 :: 0 :: 0 :: 
0 :: 28 :: 72 :: 40 :: 21 :: 0 :: 0 :: 0 :: 0 :: 0 :: 
0 :: 1 :: 73 :: 24 :: 24 :: 34 :: 0 :: 0 :: 0 :: 0 :: 
0 :: 0 :: 0 :: 39 :: 22 :: 44 :: 14 :: 0 :: 26 :: 1 :: 
0 :: 0 :: 0 :: 0 :: 0 :: 18 :: 20 :: 4 :: 16 :: 0 :: 
0 :: 0 :: 0 :: 0 :: 0 :: 0 :: 38 :: 40 :: 7 :: 11 :: 
0 :: 0 :: 0 :: 0 :: 0 :: 29 :: 26 :: 2 :: 34 :: 3 :: 
0 :: 0 :: 0 :: 0 :: 36 :: 0 :: 5 :: 23 :: 51 :: 34 :: 
-，-，-，-，-，-，-，-，-s0+delta-，-，-，-，-，-，-，-，-
emd_delta_0:    0.172956
emd_me__0plan:    
48  ;  19  ;  0  ;  0  ;  0  ;  0  ;  0  ;  0  ;  0  ;  0  ;  
36  ;  63  ;  42  ;  0  ;  0  ;  0  ;  0  ;  0  ;  0  ;  0  ;  
39  ;  54  ;  19  ;  13  ;  0  ;  7  ;  0  ;  0  ;  0  ;  0  ;  
0  ;  28  ;  73  ;  40  ;  21  ;  0  ;  0  ;  0  ;  0  ;  0  ;  
0  ;  2  ;  73  ;  24  ;  14  ;  33  ;  0  ;  0  ;  0  ;  0  ;  
0  ;  0  ;  0  ;  1  ;  22  ;  73  ;  14  ;  0  ;  26  ;  1  ;  
0  ;  0  ;  0  ;  0  ;  0  ;  18  ;  20  ;  4  ;  16  ;  0  ;  
0  ;  0  ;  0  ;  0  ;  0  ;  0  ;  38  ;  40  ;  7  ;  10  ;  
0  ;  0  ;  0  ;  0  ;  0  ;  30  ;  26  ;  2  ;  34  ;  3  ;  
0  ;  0  ;  0  ;  0  ;  37  ;  0  ;  5  ;  23  ;  51  ;  34  ;  

-，-，-，-，-，-，-，-，-s1+delta-，-，-，-，-，-，-，-，-
emd_delta_1:    0.172956
emd_me__1plan:    
48  ;  19  ;  0  ;  0  ;  0  ;  0  ;  0  ;  0  ;  0  ;  0  ;  
36  ;  63  ;  42  ;  0  ;  0  ;  0  ;  0  ;  0  ;  0  ;  0  ;  
39  ;  54  ;  19  ;  13  ;  0  ;  7  ;  0  ;  0  ;  0  ;  0  ;  
0  ;  28  ;  73  ;  40  ;  21  ;  0  ;  0  ;  0  ;  0  ;  0  ;  
0  ;  2  ;  73  ;  24  ;  14  ;  33  ;  0  ;  0  ;  0  ;  0  ;  
0  ;  0  ;  0  ;  1  ;  22  ;  73  ;  14  ;  0  ;  26  ;  1  ;  
0  ;  0  ;  0  ;  0  ;  0  ;  18  ;  20  ;  4  ;  16  ;  0  ;  
0  ;  0  ;  0  ;  0  ;  0  ;  0  ;  38  ;  40  ;  7  ;  10  ;  
0  ;  0  ;  0  ;  0  ;  0  ;  30  ;  26  ;  2  ;  34  ;  3  ;  
0  ;  0  ;  0  ;  0  ;  37  ;  0  ;  5  ;  23  ;  51  ;  34  ;  

-，-，-，-，-，-，-，-，-s2+delta-，-，-，-，-，-，-，-，-
emd_delta_2:    0.172956
emd_me__2plan:    
48  ;  19  ;  0  ;  0  ;  0  ;  0  ;  0  ;  0  ;  0  ;  0  ;  
36  ;  63  ;  42  ;  0  ;  0  ;  0  ;  0  ;  0  ;  0  ;  0  ;  
39  ;  54  ;  19  ;  13  ;  0  ;  7  ;  0  ;  0  ;  0  ;  0  ;  
0  ;  28  ;  73  ;  40  ;  21  ;  0  ;  0  ;  0  ;  0  ;  0  ;  
0  ;  2  ;  73  ;  24  ;  14  ;  33  ;  0  ;  0  ;  0  ;  0  ;  
0  ;  0  ;  0  ;  1  ;  22  ;  73  ;  14  ;  0  ;  26  ;  1  ;  
0  ;  0  ;  0  ;  0  ;  0  ;  18  ;  20  ;  4  ;  16  ;  0  ;  
0  ;  0  ;  0  ;  0  ;  0  ;  0  ;  38  ;  40  ;  7  ;  10  ;  
0  ;  0  ;  0  ;  0  ;  0  ;  30  ;  26  ;  2  ;  34  ;  3  ;  
0  ;  0  ;  0  ;  0  ;  37  ;  0  ;  5  ;  23  ;  51  ;  34  ;  

-，-，-，-，-，-，-，-，-s3+delta-，-，-，-，-，-，-，-，-
emd_delta_3:    0.172956
emd_me__3plan:    
48  ;  19  ;  0  ;  0  ;  0  ;  0  ;  0  ;  0  ;  0  ;  0  ;  
36  ;  63  ;  42  ;  0  ;  0  ;  0  ;  0  ;  0  ;  0  ;  0  ;  
39  ;  54  ;  19  ;  13  ;  0  ;  7  ;  0  ;  0  ;  0  ;  0  ;  
0  ;  28  ;  73  ;  40  ;  21  ;  0  ;  0  ;  0  ;  0  ;  0  ;  
0  ;  2  ;  73  ;  24  ;  14  ;  33  ;  0  ;  0  ;  0  ;  0  ;  
0  ;  0  ;  0  ;  1  ;  22  ;  73  ;  14  ;  0  ;  26  ;  1  ;  
0  ;  0  ;  0  ;  0  ;  0  ;  18  ;  20  ;  4  ;  16  ;  0  ;  
0  ;  0  ;  0  ;  0  ;  0  ;  0  ;  38  ;  40  ;  7  ;  10  ;  
0  ;  0  ;  0  ;  0  ;  0  ;  30  ;  26  ;  2  ;  34  ;  3  ;  
0  ;  0  ;  0  ;  0  ;  37  ;  0  ;  5  ;  23  ;  51  ;  34  ;  

-，-，-，-，-，-，-，-，-s4+delta-，-，-，-，-，-，-，-，-
emd_delta_4:    0.172956
emd_me__4plan:    
48  ;  19  ;  0  ;  0  ;  0  ;  0  ;  0  ;  0  ;  0  ;  0  ;  
36  ;  63  ;  42  ;  0  ;  0  ;  0  ;  0  ;  0  ;  0  ;  0  ;  
39  ;  54  ;  19  ;  13  ;  0  ;  7  ;  0  ;  0  ;  0  ;  0  ;  
0  ;  28  ;  73  ;  40  ;  21  ;  0  ;  0  ;  0  ;  0  ;  0  ;  
0  ;  2  ;  73  ;  24  ;  14  ;  33  ;  0  ;  0  ;  0  ;  0  ;  
0  ;  0  ;  0  ;  1  ;  22  ;  73  ;  14  ;  0  ;  26  ;  1  ;  
0  ;  0  ;  0  ;  0  ;  0  ;  18  ;  20  ;  4  ;  16  ;  0  ;  
0  ;  0  ;  0  ;  0  ;  0  ;  0  ;  38  ;  40  ;  7  ;  10  ;  
0  ;  0  ;  0  ;  0  ;  0  ;  30  ;  26  ;  2  ;  34  ;  3  ;  
0  ;  0  ;  0  ;  0  ;  37  ;  0  ;  5  ;  23  ;  51  ;  34  ;  

-，-，-，-，-，-，-，-，-s5+delta-，-，-，-，-，-，-，-，-
emd_delta_5:    0.172956
emd_me__5plan:    
48  ;  19  ;  0  ;  0  ;  0  ;  0  ;  0  ;  0  ;  0  ;  0  ;  
36  ;  63  ;  42  ;  0  ;  0  ;  0  ;  0  ;  0  ;  0  ;  0  ;  
39  ;  54  ;  19  ;  13  ;  0  ;  7  ;  0  ;  0  ;  0  ;  0  ;  
0  ;  28  ;  73  ;  40  ;  21  ;  0  ;  0  ;  0  ;  0  ;  0  ;  
0  ;  2  ;  73  ;  24  ;  14  ;  33  ;  0  ;  0  ;  0  ;  0  ;  
0  ;  0  ;  0  ;  1  ;  22  ;  73  ;  14  ;  0  ;  26  ;  1  ;  
0  ;  0  ;  0  ;  0  ;  0  ;  18  ;  20  ;  4  ;  16  ;  0  ;  
0  ;  0  ;  0  ;  0  ;  0  ;  0  ;  38  ;  40  ;  7  ;  10  ;  
0  ;  0  ;  0  ;  0  ;  0  ;  30  ;  26  ;  2  ;  34  ;  3  ;  
0  ;  0  ;  0  ;  0  ;  37  ;  0  ;  5  ;  23  ;  51  ;  34  ;  

-，-，-，-，-，-，-，-，-s6+delta-，-，-，-，-，-，-，-，-
emd_delta_6:    0.171384
emd_me__6plan:    
48  ;  19  ;  0  ;  0  ;  0  ;  0  ;  0  ;  0  ;  0  ;  0  ;  
36  ;  63  ;  42  ;  0  ;  0  ;  0  ;  0  ;  0  ;  0  ;  0  ;  
39  ;  54  ;  19  ;  13  ;  0  ;  7  ;  0  ;  0  ;  0  ;  0  ;  
0  ;  28  ;  73  ;  40  ;  21  ;  0  ;  0  ;  0  ;  0  ;  0  ;  
0  ;  2  ;  73  ;  24  ;  14  ;  33  ;  0  ;  0  ;  0  ;  0  ;  
0  ;  0  ;  0  ;  1  ;  22  ;  73  ;  13  ;  0  ;  26  ;  1  ;  
0  ;  0  ;  0  ;  0  ;  0  ;  18  ;  21  ;  4  ;  16  ;  0  ;  
0  ;  0  ;  0  ;  0  ;  0  ;  0  ;  38  ;  40  ;  7  ;  10  ;  
0  ;  0  ;  0  ;  0  ;  0  ;  30  ;  26  ;  2  ;  34  ;  3  ;  
0  ;  0  ;  0  ;  0  ;  37  ;  0  ;  5  ;  23  ;  51  ;  34  ;  

-，-，-，-，-，-，-，-，-s7+delta-，-，-，-，-，-，-，-，-
emd_delta_7:    0.172956
emd_me__7plan:    
48  ;  19  ;  0  ;  0  ;  0  ;  0  ;  0  ;  0  ;  0  ;  0  ;  
36  ;  63  ;  42  ;  0  ;  0  ;  0  ;  0  ;  0  ;  0  ;  0  ;  
39  ;  54  ;  19  ;  13  ;  0  ;  7  ;  0  ;  0  ;  0  ;  0  ;  
0  ;  28  ;  73  ;  40  ;  21  ;  0  ;  0  ;  0  ;  0  ;  0  ;  
0  ;  2  ;  73  ;  24  ;  14  ;  33  ;  0  ;  0  ;  0  ;  0  ;  
0  ;  0  ;  0  ;  1  ;  22  ;  73  ;  13  ;  0  ;  26  ;  1  ;  
0  ;  0  ;  0  ;  0  ;  0  ;  18  ;  20  ;  4  ;  16  ;  0  ;  
0  ;  0  ;  0  ;  0  ;  0  ;  0  ;  39  ;  40  ;  7  ;  10  ;  
0  ;  0  ;  0  ;  0  ;  0  ;  30  ;  26  ;  2  ;  34  ;  3  ;  
0  ;  0  ;  0  ;  0  ;  37  ;  0  ;  5  ;  23  ;  51  ;  34  ;  

-，-，-，-，-，-，-，-，-s8+delta-，-，-，-，-，-，-，-，-
emd_delta_8:    0.171384
emd_me__8plan:    
48  ;  19  ;  0  ;  0  ;  0  ;  0  ;  0  ;  0  ;  0  ;  0  ;  
36  ;  63  ;  42  ;  0  ;  0  ;  0  ;  0  ;  0  ;  0  ;  0  ;  
39  ;  54  ;  19  ;  13  ;  0  ;  7  ;  0  ;  0  ;  0  ;  0  ;  
0  ;  28  ;  73  ;  40  ;  21  ;  0  ;  0  ;  0  ;  0  ;  0  ;  
0  ;  2  ;  73  ;  24  ;  14  ;  33  ;  0  ;  0  ;  0  ;  0  ;  
0  ;  0  ;  0  ;  1  ;  22  ;  73  ;  13  ;  0  ;  26  ;  1  ;  
0  ;  0  ;  0  ;  0  ;  0  ;  18  ;  20  ;  4  ;  16  ;  0  ;  
0  ;  0  ;  0  ;  0  ;  0  ;  0  ;  39  ;  40  ;  6  ;  10  ;  
0  ;  0  ;  0  ;  0  ;  0  ;  30  ;  26  ;  2  ;  35  ;  3  ;  
0  ;  0  ;  0  ;  0  ;  37  ;  0  ;  5  ;  23  ;  51  ;  34  ;  

-，-，-，-，-，-，-，-，-s9+delta-，-，-，-，-，-，-，-，-
emd_delta_9:    0.172956
emd_me__9plan:    
48  ;  19  ;  0  ;  0  ;  0  ;  0  ;  0  ;  0  ;  0  ;  0  ;  
36  ;  63  ;  42  ;  0  ;  0  ;  0  ;  0  ;  0  ;  0  ;  0  ;  
39  ;  54  ;  19  ;  13  ;  0  ;  7  ;  0  ;  0  ;  0  ;  0  ;  
0  ;  28  ;  73  ;  40  ;  21  ;  0  ;  0  ;  0  ;  0  ;  0  ;  
0  ;  2  ;  73  ;  24  ;  14  ;  33  ;  0  ;  0  ;  0  ;  0  ;  
0  ;  0  ;  0  ;  1  ;  22  ;  73  ;  13  ;  0  ;  26  ;  1  ;  
0  ;  0  ;  0  ;  0  ;  0  ;  18  ;  20  ;  4  ;  16  ;  0  ;  
0  ;  0  ;  0  ;  0  ;  0  ;  0  ;  39  ;  40  ;  6  ;  10  ;  
0  ;  0  ;  0  ;  0  ;  0  ;  30  ;  26  ;  2  ;  34  ;  3  ;  
0  ;  0  ;  0  ;  0  ;  37  ;  0  ;  5  ;  23  ;  52  ;  34  ;  

gradiant:(with delta=1)
0 0 0 0 0 0 -0.00157233 0 -0.00157233 0 
