Supplys(in rows):
s0	s1	s2	s3	s4	s5	s6	s7	s8	s9	
25	26	44	47	89	70	25	11	94	89	
Demands(in cols):
d0	d1	d2	d3	d4	d5	d6	d7	d8	d9	
97	61	73	58	51	31	61	51	23	48	
delta:1


emd_me:    1.19495
emd_opencv:    1.19495
emd_me_plan:    
25  ;  0  ;  0  ;  0  ;  0  ;  0  ;  0  ;  0  ;  0  ;  0  ;  
0  ;  26  ;  0  ;  0  ;  0  ;  0  ;  0  ;  0  ;  0  ;  0  ;  
38  ;  6  ;  30  ;  7  ;  0  ;  7  ;  0  ;  0  ;  0  ;  0  ;  
0  ;  28  ;  0  ;  19  ;  18  ;  0  ;  0  ;  0  ;  0  ;  0  ;  
0  ;  1  ;  73  ;  0  ;  15  ;  0  ;  0  ;  0  ;  0  ;  0  ;  
0  ;  0  ;  0  ;  39  ;  0  ;  31  ;  0  ;  0  ;  0  ;  0  ;  
0  ;  0  ;  0  ;  0  ;  0  ;  18  ;  25  ;  0  ;  0  ;  0  ;  
0  ;  0  ;  0  ;  0  ;  0  ;  0  ;  0  ;  11  ;  0  ;  0  ;  
0  ;  0  ;  0  ;  0  ;  0  ;  0  ;  31  ;  40  ;  23  ;  4  ;  
0  ;  0  ;  0  ;  0  ;  36  ;  0  ;  5  ;  0  ;  0  ;  48  ;  

emd_opencv_plan:    
25 :: 0 :: 0 :: 0 :: 0 :: 0 :: 0 :: 0 :: 0 :: 0 :: 
0 :: 26 :: 0 :: 0 :: 0 :: 0 :: 0 :: 0 :: 0 :: 0 :: 
38 :: 6 :: 30 :: 7 :: 0 :: 7 :: 0 :: 0 :: 0 :: 0 :: 
0 :: 28 :: 0 :: 19 :: 18 :: 0 :: 0 :: 0 :: 0 :: 0 :: 
0 :: 1 :: 73 :: 0 :: 15 :: 0 :: 0 :: 0 :: 0 :: 0 :: 
0 :: 0 :: 0 :: 39 :: 0 :: 31 :: 0 :: 0 :: 0 :: 0 :: 
0 :: 0 :: 0 :: 0 :: 0 :: 18 :: 25 :: 0 :: 0 :: 0 :: 
0 :: 0 :: 0 :: 0 :: 0 :: 0 :: 0 :: 11 :: 0 :: 0 :: 
0 :: 0 :: 0 :: 0 :: 0 :: 0 :: 31 :: 40 :: 23 :: 4 :: 
0 :: 0 :: 0 :: 0 :: 36 :: 0 :: 5 :: 0 :: 0 :: 48 :: 
-，-，-，-，-，-，-，-，-s0+delta-，-，-，-，-，-，-，-，-
emd_delta_0:    1.19495
emd_me__0plan:    
25  ;  0  ;  0  ;  0  ;  0  ;  0  ;  0  ;  0  ;  0  ;  0  ;  
0  ;  26  ;  0  ;  0  ;  0  ;  0  ;  0  ;  0  ;  0  ;  0  ;  
38  ;  6  ;  30  ;  7  ;  0  ;  7  ;  0  ;  0  ;  0  ;  0  ;  
0  ;  28  ;  0  ;  19  ;  18  ;  0  ;  0  ;  0  ;  0  ;  0  ;  
0  ;  1  ;  73  ;  0  ;  15  ;  0  ;  0  ;  0  ;  0  ;  0  ;  
0  ;  0  ;  0  ;  39  ;  0  ;  31  ;  0  ;  0  ;  0  ;  0  ;  
0  ;  0  ;  0  ;  0  ;  0  ;  18  ;  25  ;  0  ;  0  ;  0  ;  
0  ;  0  ;  0  ;  0  ;  0  ;  0  ;  0  ;  11  ;  0  ;  0  ;  
0  ;  0  ;  0  ;  0  ;  0  ;  0  ;  31  ;  40  ;  23  ;  3  ;  
0  ;  0  ;  0  ;  0  ;  36  ;  0  ;  5  ;  0  ;  0  ;  48  ;  

-，-，-，-，-，-，-，-，-s1+delta-，-，-，-，-，-，-，-，-
emd_delta_1:    1.19675
emd_me__1plan:    
24  ;  0  ;  0  ;  0  ;  0  ;  0  ;  0  ;  0  ;  0  ;  0  ;  
0  ;  27  ;  0  ;  0  ;  0  ;  0  ;  0  ;  0  ;  0  ;  0  ;  
39  ;  5  ;  30  ;  7  ;  0  ;  7  ;  0  ;  0  ;  0  ;  0  ;  
0  ;  28  ;  0  ;  19  ;  18  ;  0  ;  0  ;  0  ;  0  ;  0  ;  
0  ;  1  ;  73  ;  0  ;  15  ;  0  ;  0  ;  0  ;  0  ;  0  ;  
0  ;  0  ;  0  ;  39  ;  0  ;  31  ;  0  ;  0  ;  0  ;  0  ;  
0  ;  0  ;  0  ;  0  ;  0  ;  18  ;  25  ;  0  ;  0  ;  0  ;  
0  ;  0  ;  0  ;  0  ;  0  ;  0  ;  0  ;  11  ;  0  ;  0  ;  
0  ;  0  ;  0  ;  0  ;  0  ;  0  ;  31  ;  40  ;  23  ;  3  ;  
0  ;  0  ;  0  ;  0  ;  36  ;  0  ;  5  ;  0  ;  0  ;  48  ;  

-，-，-，-，-，-，-，-，-s2+delta-，-，-，-，-，-，-，-，-
emd_delta_2:    1.19856
emd_me__2plan:    
24  ;  0  ;  0  ;  0  ;  0  ;  0  ;  0  ;  0  ;  0  ;  0  ;  
0  ;  26  ;  0  ;  0  ;  0  ;  0  ;  0  ;  0  ;  0  ;  0  ;  
39  ;  6  ;  30  ;  7  ;  0  ;  7  ;  0  ;  0  ;  0  ;  0  ;  
0  ;  28  ;  0  ;  19  ;  18  ;  0  ;  0  ;  0  ;  0  ;  0  ;  
0  ;  1  ;  73  ;  0  ;  15  ;  0  ;  0  ;  0  ;  0  ;  0  ;  
0  ;  0  ;  0  ;  39  ;  0  ;  31  ;  0  ;  0  ;  0  ;  0  ;  
0  ;  0  ;  0  ;  0  ;  0  ;  18  ;  25  ;  0  ;  0  ;  0  ;  
0  ;  0  ;  0  ;  0  ;  0  ;  0  ;  0  ;  11  ;  0  ;  0  ;  
0  ;  0  ;  0  ;  0  ;  0  ;  0  ;  31  ;  40  ;  23  ;  3  ;  
0  ;  0  ;  0  ;  0  ;  36  ;  0  ;  5  ;  0  ;  0  ;  48  ;  

-，-，-，-，-，-，-，-，-s3+delta-，-，-，-，-，-，-，-，-
emd_delta_3:    1.20036
emd_me__3plan:    
24  ;  0  ;  0  ;  0  ;  0  ;  0  ;  0  ;  0  ;  0  ;  0  ;  
0  ;  26  ;  0  ;  0  ;  0  ;  0  ;  0  ;  0  ;  0  ;  0  ;  
39  ;  5  ;  30  ;  7  ;  0  ;  7  ;  0  ;  0  ;  0  ;  0  ;  
0  ;  29  ;  0  ;  19  ;  18  ;  0  ;  0  ;  0  ;  0  ;  0  ;  
0  ;  1  ;  73  ;  0  ;  15  ;  0  ;  0  ;  0  ;  0  ;  0  ;  
0  ;  0  ;  0  ;  39  ;  0  ;  31  ;  0  ;  0  ;  0  ;  0  ;  
0  ;  0  ;  0  ;  0  ;  0  ;  18  ;  25  ;  0  ;  0  ;  0  ;  
0  ;  0  ;  0  ;  0  ;  0  ;  0  ;  0  ;  11  ;  0  ;  0  ;  
0  ;  0  ;  0  ;  0  ;  0  ;  0  ;  31  ;  40  ;  23  ;  3  ;  
0  ;  0  ;  0  ;  0  ;  36  ;  0  ;  5  ;  0  ;  0  ;  48  ;  

-，-，-，-，-，-，-，-，-s4+delta-，-，-，-，-，-，-，-，-
emd_delta_4:    1.20217
emd_me__4plan:    
24  ;  0  ;  0  ;  0  ;  0  ;  0  ;  0  ;  0  ;  0  ;  0  ;  
0  ;  26  ;  0  ;  0  ;  0  ;  0  ;  0  ;  0  ;  0  ;  0  ;  
39  ;  5  ;  30  ;  7  ;  0  ;  7  ;  0  ;  0  ;  0  ;  0  ;  
0  ;  28  ;  0  ;  19  ;  18  ;  0  ;  0  ;  0  ;  0  ;  0  ;  
0  ;  2  ;  73  ;  0  ;  15  ;  0  ;  0  ;  0  ;  0  ;  0  ;  
0  ;  0  ;  0  ;  39  ;  0  ;  31  ;  0  ;  0  ;  0  ;  0  ;  
0  ;  0  ;  0  ;  0  ;  0  ;  18  ;  25  ;  0  ;  0  ;  0  ;  
0  ;  0  ;  0  ;  0  ;  0  ;  0  ;  0  ;  11  ;  0  ;  0  ;  
0  ;  0  ;  0  ;  0  ;  0  ;  0  ;  31  ;  40  ;  23  ;  3  ;  
0  ;  0  ;  0  ;  0  ;  36  ;  0  ;  5  ;  0  ;  0  ;  48  ;  

-，-，-，-，-，-，-，-，-s5+delta-，-，-，-，-，-，-，-，-
emd_delta_5:    1.20397
emd_me__5plan:    
24  ;  0  ;  0  ;  0  ;  0  ;  0  ;  0  ;  0  ;  0  ;  0  ;  
0  ;  26  ;  0  ;  0  ;  0  ;  0  ;  0  ;  0  ;  0  ;  0  ;  
39  ;  5  ;  30  ;  7  ;  0  ;  7  ;  0  ;  0  ;  0  ;  0  ;  
0  ;  29  ;  0  ;  18  ;  18  ;  0  ;  0  ;  0  ;  0  ;  0  ;  
0  ;  1  ;  73  ;  0  ;  15  ;  0  ;  0  ;  0  ;  0  ;  0  ;  
0  ;  0  ;  0  ;  40  ;  0  ;  31  ;  0  ;  0  ;  0  ;  0  ;  
0  ;  0  ;  0  ;  0  ;  0  ;  18  ;  25  ;  0  ;  0  ;  0  ;  
0  ;  0  ;  0  ;  0  ;  0  ;  0  ;  0  ;  11  ;  0  ;  0  ;  
0  ;  0  ;  0  ;  0  ;  0  ;  0  ;  31  ;  40  ;  23  ;  3  ;  
0  ;  0  ;  0  ;  0  ;  36  ;  0  ;  5  ;  0  ;  0  ;  48  ;  

-，-，-，-，-，-，-，-，-s6+delta-，-，-，-，-，-，-，-，-
emd_delta_6:    1.20578
emd_me__6plan:    
24  ;  0  ;  0  ;  0  ;  0  ;  0  ;  0  ;  0  ;  0  ;  0  ;  
0  ;  26  ;  0  ;  0  ;  0  ;  0  ;  0  ;  0  ;  0  ;  0  ;  
39  ;  5  ;  30  ;  7  ;  0  ;  7  ;  0  ;  0  ;  0  ;  0  ;  
0  ;  28  ;  0  ;  19  ;  18  ;  0  ;  0  ;  0  ;  0  ;  0  ;  
0  ;  2  ;  73  ;  0  ;  14  ;  0  ;  0  ;  0  ;  0  ;  0  ;  
0  ;  0  ;  0  ;  39  ;  0  ;  31  ;  0  ;  0  ;  0  ;  0  ;  
0  ;  0  ;  0  ;  0  ;  0  ;  18  ;  26  ;  0  ;  0  ;  0  ;  
0  ;  0  ;  0  ;  0  ;  0  ;  0  ;  0  ;  11  ;  0  ;  0  ;  
0  ;  0  ;  0  ;  0  ;  0  ;  0  ;  31  ;  40  ;  23  ;  3  ;  
0  ;  0  ;  0  ;  0  ;  37  ;  0  ;  4  ;  0  ;  0  ;  48  ;  

-，-，-，-，-，-，-，-，-s7+delta-，-，-，-，-，-，-，-，-
emd_delta_7:    1.20758
emd_me__7plan:    
24  ;  0  ;  0  ;  0  ;  0  ;  0  ;  0  ;  0  ;  0  ;  0  ;  
0  ;  26  ;  0  ;  0  ;  0  ;  0  ;  0  ;  0  ;  0  ;  0  ;  
39  ;  5  ;  30  ;  7  ;  0  ;  7  ;  0  ;  0  ;  0  ;  0  ;  
0  ;  28  ;  0  ;  19  ;  18  ;  0  ;  0  ;  0  ;  0  ;  0  ;  
0  ;  2  ;  73  ;  0  ;  14  ;  0  ;  0  ;  0  ;  0  ;  0  ;  
0  ;  0  ;  0  ;  39  ;  0  ;  31  ;  0  ;  0  ;  0  ;  0  ;  
0  ;  0  ;  0  ;  0  ;  0  ;  18  ;  25  ;  0  ;  0  ;  0  ;  
0  ;  0  ;  0  ;  0  ;  0  ;  0  ;  0  ;  12  ;  0  ;  0  ;  
0  ;  0  ;  0  ;  0  ;  0  ;  0  ;  32  ;  39  ;  23  ;  3  ;  
0  ;  0  ;  0  ;  0  ;  37  ;  0  ;  4  ;  0  ;  0  ;  48  ;  

-，-，-，-，-，-，-，-，-s8+delta-，-，-，-，-，-，-，-，-
emd_delta_8:    1.20939
emd_me__8plan:    
24  ;  0  ;  0  ;  0  ;  0  ;  0  ;  0  ;  0  ;  0  ;  0  ;  
0  ;  26  ;  0  ;  0  ;  0  ;  0  ;  0  ;  0  ;  0  ;  0  ;  
39  ;  5  ;  30  ;  7  ;  0  ;  7  ;  0  ;  0  ;  0  ;  0  ;  
0  ;  28  ;  0  ;  19  ;  18  ;  0  ;  0  ;  0  ;  0  ;  0  ;  
0  ;  2  ;  73  ;  0  ;  14  ;  0  ;  0  ;  0  ;  0  ;  0  ;  
0  ;  0  ;  0  ;  39  ;  0  ;  31  ;  0  ;  0  ;  0  ;  0  ;  
0  ;  0  ;  0  ;  0  ;  0  ;  18  ;  25  ;  0  ;  0  ;  0  ;  
0  ;  0  ;  0  ;  0  ;  0  ;  0  ;  0  ;  11  ;  0  ;  0  ;  
0  ;  0  ;  0  ;  0  ;  0  ;  0  ;  32  ;  40  ;  23  ;  3  ;  
0  ;  0  ;  0  ;  0  ;  37  ;  0  ;  4  ;  0  ;  0  ;  48  ;  

-，-，-，-，-，-，-，-，-s9+delta-，-，-，-，-，-，-，-，-
emd_delta_9:    1.21119
emd_me__9plan:    
24  ;  0  ;  0  ;  0  ;  0  ;  0  ;  0  ;  0  ;  0  ;  0  ;  
0  ;  26  ;  0  ;  0  ;  0  ;  0  ;  0  ;  0  ;  0  ;  0  ;  
39  ;  5  ;  30  ;  7  ;  0  ;  7  ;  0  ;  0  ;  0  ;  0  ;  
0  ;  28  ;  0  ;  19  ;  18  ;  0  ;  0  ;  0  ;  0  ;  0  ;  
0  ;  2  ;  73  ;  0  ;  14  ;  0  ;  0  ;  0  ;  0  ;  0  ;  
0  ;  0  ;  0  ;  39  ;  0  ;  31  ;  0  ;  0  ;  0  ;  0  ;  
0  ;  0  ;  0  ;  0  ;  0  ;  18  ;  25  ;  0  ;  0  ;  0  ;  
0  ;  0  ;  0  ;  0  ;  0  ;  0  ;  0  ;  11  ;  0  ;  0  ;  
0  ;  0  ;  0  ;  0  ;  0  ;  0  ;  31  ;  40  ;  23  ;  3  ;  
0  ;  0  ;  0  ;  0  ;  37  ;  0  ;  5  ;  0  ;  0  ;  48  ;  

gradiant:(with delta=1)
0 0.00180507 0.00361013 0.0054152 0.00722027 0.00902534 0.0108304 0.0126355 0.0144404 0.0162455 
