Supplys(in rows):
s0	s1	s2	s3	s4	s5	s6	s7	s8	s9	
87	56	11	10	11	12	25	46	97	39	
Demands(in cols):
d0	d1	d2	d3	d4	d5	d6	d7	d8	d9	
24	80	39	90	64	98	59	38	36	45	
delta:1


emd_me:    0.464223
emd_opencv:    0.464223
emd_me_plan:    
24  ;  63  ;  0  ;  0  ;  0  ;  0  ;  0  ;  0  ;  0  ;  0  ;  
16  ;  17  ;  39  ;  0  ;  0  ;  0  ;  0  ;  0  ;  0  ;  0  ;  
38  ;  18  ;  41  ;  11  ;  0  ;  7  ;  0  ;  0  ;  0  ;  0  ;  
0  ;  28  ;  0  ;  10  ;  21  ;  0  ;  0  ;  0  ;  0  ;  0  ;  
0  ;  1  ;  73  ;  0  ;  14  ;  33  ;  0  ;  0  ;  0  ;  0  ;  
0  ;  0  ;  0  ;  39  ;  22  ;  12  ;  0  ;  0  ;  0  ;  0  ;  
0  ;  0  ;  0  ;  0  ;  0  ;  18  ;  25  ;  0  ;  0  ;  0  ;  
0  ;  0  ;  0  ;  0  ;  0  ;  0  ;  3  ;  38  ;  10  ;  0  ;  
0  ;  0  ;  0  ;  0  ;  0  ;  29  ;  26  ;  2  ;  36  ;  6  ;  
0  ;  0  ;  0  ;  0  ;  37  ;  0  ;  5  ;  0  ;  0  ;  39  ;  

emd_opencv_plan:    
24 :: 63 :: 0 :: 0 :: 0 :: 0 :: 0 :: 0 :: 0 :: 0 :: 
16 :: 17 :: 39 :: 0 :: 0 :: 0 :: 0 :: 0 :: 0 :: 0 :: 
38 :: 18 :: 0 :: 11 :: 0 :: 7 :: 0 :: 0 :: 0 :: 0 :: 
0 :: 28 :: 0 :: 10 :: 21 :: 0 :: 0 :: 0 :: 0 :: 0 :: 
0 :: 1 :: 73 :: 0 :: 11 :: 34 :: 0 :: 0 :: 0 :: 0 :: 
0 :: 0 :: 0 :: 39 :: 22 :: 12 :: 0 :: 0 :: 0 :: 0 :: 
0 :: 0 :: 0 :: 0 :: 0 :: 18 :: 25 :: 0 :: 0 :: 0 :: 
0 :: 0 :: 0 :: 0 :: 0 :: 0 :: 8 :: 38 :: 10 :: 0 :: 
0 :: 0 :: 0 :: 0 :: 0 :: 29 :: 26 :: 2 :: 36 :: 6 :: 
0 :: 0 :: 0 :: 0 :: 36 :: 0 :: 5 :: 0 :: 0 :: 39 :: 
-，-，-，-，-，-，-，-，-s0+delta-，-，-，-，-，-，-，-，-
emd_delta_0:    0.464223
emd_me__0plan:    
24  ;  63  ;  0  ;  0  ;  0  ;  0  ;  0  ;  0  ;  0  ;  0  ;  
17  ;  17  ;  39  ;  0  ;  0  ;  0  ;  0  ;  0  ;  0  ;  0  ;  
39  ;  19  ;  41  ;  11  ;  0  ;  7  ;  0  ;  0  ;  0  ;  0  ;  
0  ;  28  ;  0  ;  10  ;  21  ;  0  ;  0  ;  0  ;  0  ;  0  ;  
0  ;  2  ;  73  ;  0  ;  14  ;  33  ;  0  ;  0  ;  0  ;  0  ;  
0  ;  0  ;  0  ;  39  ;  22  ;  12  ;  0  ;  0  ;  0  ;  0  ;  
0  ;  0  ;  0  ;  0  ;  0  ;  18  ;  25  ;  0  ;  0  ;  0  ;  
0  ;  0  ;  0  ;  0  ;  0  ;  0  ;  3  ;  38  ;  10  ;  0  ;  
0  ;  0  ;  0  ;  0  ;  0  ;  29  ;  26  ;  2  ;  36  ;  6  ;  
0  ;  0  ;  0  ;  0  ;  37  ;  0  ;  5  ;  0  ;  0  ;  39  ;  

-，-，-，-，-，-，-，-，-s1+delta-，-，-，-，-，-，-，-，-
emd_delta_1:    0.462478
emd_me__1plan:    
24  ;  62  ;  0  ;  0  ;  0  ;  0  ;  0  ;  0  ;  0  ;  0  ;  
17  ;  18  ;  39  ;  0  ;  0  ;  0  ;  0  ;  0  ;  0  ;  0  ;  
39  ;  19  ;  41  ;  11  ;  0  ;  7  ;  0  ;  0  ;  0  ;  0  ;  
0  ;  28  ;  0  ;  10  ;  21  ;  0  ;  0  ;  0  ;  0  ;  0  ;  
0  ;  2  ;  73  ;  0  ;  14  ;  33  ;  0  ;  0  ;  0  ;  0  ;  
0  ;  0  ;  0  ;  39  ;  22  ;  12  ;  0  ;  0  ;  0  ;  0  ;  
0  ;  0  ;  0  ;  0  ;  0  ;  18  ;  25  ;  0  ;  0  ;  0  ;  
0  ;  0  ;  0  ;  0  ;  0  ;  0  ;  3  ;  38  ;  10  ;  0  ;  
0  ;  0  ;  0  ;  0  ;  0  ;  29  ;  26  ;  2  ;  36  ;  6  ;  
0  ;  0  ;  0  ;  0  ;  37  ;  0  ;  5  ;  0  ;  0  ;  39  ;  

-，-，-，-，-，-，-，-，-s2+delta-，-，-，-，-，-，-，-，-
emd_delta_2:    0.460733
emd_me__2plan:    
24  ;  62  ;  0  ;  0  ;  0  ;  0  ;  0  ;  0  ;  0  ;  0  ;  
17  ;  18  ;  38  ;  0  ;  0  ;  0  ;  0  ;  0  ;  0  ;  0  ;  
39  ;  19  ;  1  ;  11  ;  0  ;  7  ;  0  ;  0  ;  0  ;  0  ;  
0  ;  28  ;  0  ;  10  ;  21  ;  0  ;  0  ;  0  ;  0  ;  0  ;  
0  ;  2  ;  73  ;  0  ;  14  ;  33  ;  0  ;  0  ;  0  ;  0  ;  
0  ;  0  ;  0  ;  39  ;  22  ;  12  ;  0  ;  0  ;  0  ;  0  ;  
0  ;  0  ;  0  ;  0  ;  0  ;  18  ;  25  ;  0  ;  0  ;  0  ;  
0  ;  0  ;  0  ;  0  ;  0  ;  0  ;  8  ;  38  ;  10  ;  0  ;  
0  ;  0  ;  0  ;  0  ;  0  ;  29  ;  26  ;  2  ;  36  ;  6  ;  
0  ;  0  ;  0  ;  0  ;  37  ;  0  ;  5  ;  0  ;  0  ;  39  ;  

-，-，-，-，-，-，-，-，-s3+delta-，-，-，-，-，-，-，-，-
emd_delta_3:    0.458988
emd_me__3plan:    
24  ;  62  ;  0  ;  0  ;  0  ;  0  ;  0  ;  0  ;  0  ;  0  ;  
17  ;  18  ;  38  ;  0  ;  0  ;  0  ;  0  ;  0  ;  0  ;  0  ;  
39  ;  19  ;  1  ;  10  ;  0  ;  7  ;  0  ;  0  ;  0  ;  0  ;  
0  ;  28  ;  0  ;  11  ;  21  ;  0  ;  0  ;  0  ;  0  ;  0  ;  
0  ;  2  ;  73  ;  0  ;  14  ;  33  ;  0  ;  0  ;  0  ;  0  ;  
0  ;  0  ;  0  ;  39  ;  22  ;  12  ;  0  ;  0  ;  0  ;  0  ;  
0  ;  0  ;  0  ;  0  ;  0  ;  18  ;  25  ;  0  ;  0  ;  0  ;  
0  ;  0  ;  0  ;  0  ;  0  ;  0  ;  8  ;  38  ;  10  ;  0  ;  
0  ;  0  ;  0  ;  0  ;  0  ;  29  ;  26  ;  2  ;  36  ;  6  ;  
0  ;  0  ;  0  ;  0  ;  37  ;  0  ;  5  ;  0  ;  0  ;  39  ;  

-，-，-，-，-，-，-，-，-s4+delta-，-，-，-，-，-，-，-，-
emd_delta_4:    0.458988
emd_me__4plan:    
24  ;  62  ;  0  ;  0  ;  0  ;  0  ;  0  ;  0  ;  0  ;  0  ;  
17  ;  18  ;  38  ;  0  ;  0  ;  0  ;  0  ;  0  ;  0  ;  0  ;  
39  ;  19  ;  1  ;  10  ;  0  ;  7  ;  0  ;  0  ;  0  ;  0  ;  
0  ;  28  ;  0  ;  10  ;  21  ;  0  ;  0  ;  0  ;  0  ;  0  ;  
0  ;  2  ;  73  ;  0  ;  14  ;  33  ;  0  ;  0  ;  0  ;  0  ;  
0  ;  0  ;  0  ;  39  ;  22  ;  12  ;  0  ;  0  ;  0  ;  0  ;  
0  ;  0  ;  0  ;  0  ;  0  ;  18  ;  25  ;  0  ;  0  ;  0  ;  
0  ;  0  ;  0  ;  0  ;  0  ;  0  ;  8  ;  38  ;  10  ;  0  ;  
0  ;  0  ;  0  ;  0  ;  0  ;  29  ;  26  ;  2  ;  36  ;  6  ;  
0  ;  0  ;  0  ;  0  ;  37  ;  0  ;  5  ;  0  ;  0  ;  39  ;  

-，-，-，-，-，-，-，-，-s5+delta-，-，-，-，-，-，-，-，-
emd_delta_5:    0.458988
emd_me__5plan:    
24  ;  62  ;  0  ;  0  ;  0  ;  0  ;  0  ;  0  ;  0  ;  0  ;  
17  ;  18  ;  38  ;  0  ;  0  ;  0  ;  0  ;  0  ;  0  ;  0  ;  
39  ;  19  ;  1  ;  10  ;  0  ;  7  ;  0  ;  0  ;  0  ;  0  ;  
0  ;  28  ;  0  ;  10  ;  21  ;  0  ;  0  ;  0  ;  0  ;  0  ;  
0  ;  2  ;  73  ;  0  ;  14  ;  33  ;  0  ;  0  ;  0  ;  0  ;  
0  ;  0  ;  0  ;  39  ;  22  ;  13  ;  0  ;  0  ;  0  ;  0  ;  
0  ;  0  ;  0  ;  0  ;  0  ;  18  ;  25  ;  0  ;  0  ;  0  ;  
0  ;  0  ;  0  ;  0  ;  0  ;  0  ;  8  ;  38  ;  10  ;  0  ;  
0  ;  0  ;  0  ;  0  ;  0  ;  29  ;  26  ;  2  ;  36  ;  6  ;  
0  ;  0  ;  0  ;  0  ;  37  ;  0  ;  5  ;  0  ;  0  ;  39  ;  

-，-，-，-，-，-，-，-，-s6+delta-，-，-，-，-，-，-，-，-
emd_delta_6:    0.460733
emd_me__6plan:    
24  ;  62  ;  0  ;  0  ;  0  ;  0  ;  0  ;  0  ;  0  ;  0  ;  
17  ;  18  ;  38  ;  0  ;  0  ;  0  ;  0  ;  0  ;  0  ;  0  ;  
39  ;  19  ;  1  ;  10  ;  0  ;  7  ;  0  ;  0  ;  0  ;  0  ;  
0  ;  28  ;  0  ;  10  ;  21  ;  0  ;  0  ;  0  ;  0  ;  0  ;  
0  ;  2  ;  73  ;  0  ;  14  ;  33  ;  0  ;  0  ;  0  ;  0  ;  
0  ;  0  ;  0  ;  39  ;  22  ;  12  ;  0  ;  0  ;  0  ;  0  ;  
0  ;  0  ;  0  ;  0  ;  0  ;  18  ;  26  ;  0  ;  0  ;  0  ;  
0  ;  0  ;  0  ;  0  ;  0  ;  0  ;  8  ;  38  ;  10  ;  0  ;  
0  ;  0  ;  0  ;  0  ;  0  ;  30  ;  25  ;  2  ;  36  ;  6  ;  
0  ;  0  ;  0  ;  0  ;  37  ;  0  ;  5  ;  0  ;  0  ;  39  ;  

-，-，-，-，-，-，-，-，-s7+delta-，-，-，-，-，-，-，-，-
emd_delta_7:    0.462478
emd_me__7plan:    
24  ;  62  ;  0  ;  0  ;  0  ;  0  ;  0  ;  0  ;  0  ;  0  ;  
17  ;  18  ;  38  ;  0  ;  0  ;  0  ;  0  ;  0  ;  0  ;  0  ;  
39  ;  19  ;  1  ;  10  ;  0  ;  7  ;  0  ;  0  ;  0  ;  0  ;  
0  ;  28  ;  0  ;  10  ;  21  ;  0  ;  0  ;  0  ;  0  ;  0  ;  
0  ;  2  ;  73  ;  0  ;  14  ;  33  ;  0  ;  0  ;  0  ;  0  ;  
0  ;  0  ;  0  ;  39  ;  22  ;  12  ;  0  ;  0  ;  0  ;  0  ;  
0  ;  0  ;  0  ;  0  ;  0  ;  18  ;  25  ;  0  ;  0  ;  0  ;  
0  ;  0  ;  0  ;  0  ;  0  ;  0  ;  9  ;  38  ;  10  ;  0  ;  
0  ;  0  ;  0  ;  0  ;  0  ;  30  ;  25  ;  2  ;  36  ;  6  ;  
0  ;  0  ;  0  ;  0  ;  37  ;  0  ;  5  ;  0  ;  0  ;  39  ;  

-，-，-，-，-，-，-，-，-s8+delta-，-，-，-，-，-，-，-，-
emd_delta_8:    0.464223
emd_me__8plan:    
24  ;  62  ;  0  ;  0  ;  0  ;  0  ;  0  ;  0  ;  0  ;  0  ;  
17  ;  18  ;  38  ;  0  ;  0  ;  0  ;  0  ;  0  ;  0  ;  0  ;  
39  ;  19  ;  1  ;  10  ;  0  ;  7  ;  0  ;  0  ;  0  ;  0  ;  
0  ;  28  ;  0  ;  10  ;  21  ;  0  ;  0  ;  0  ;  0  ;  0  ;  
0  ;  2  ;  73  ;  0  ;  14  ;  33  ;  0  ;  0  ;  0  ;  0  ;  
0  ;  0  ;  0  ;  39  ;  22  ;  12  ;  0  ;  0  ;  0  ;  0  ;  
0  ;  0  ;  0  ;  0  ;  0  ;  18  ;  25  ;  0  ;  0  ;  0  ;  
0  ;  0  ;  0  ;  0  ;  0  ;  0  ;  8  ;  38  ;  10  ;  0  ;  
0  ;  0  ;  0  ;  0  ;  0  ;  30  ;  26  ;  2  ;  36  ;  6  ;  
0  ;  0  ;  0  ;  0  ;  37  ;  0  ;  5  ;  0  ;  0  ;  39  ;  

-，-，-，-，-，-，-，-，-s9+delta-，-，-，-，-，-，-，-，-
emd_delta_9:    0.462478
emd_me__9plan:    
24  ;  62  ;  0  ;  0  ;  0  ;  0  ;  0  ;  0  ;  0  ;  0  ;  
17  ;  18  ;  38  ;  0  ;  0  ;  0  ;  0  ;  0  ;  0  ;  0  ;  
39  ;  19  ;  1  ;  10  ;  0  ;  7  ;  0  ;  0  ;  0  ;  0  ;  
0  ;  28  ;  0  ;  10  ;  21  ;  0  ;  0  ;  0  ;  0  ;  0  ;  
0  ;  2  ;  73  ;  0  ;  14  ;  33  ;  0  ;  0  ;  0  ;  0  ;  
0  ;  0  ;  0  ;  39  ;  22  ;  12  ;  0  ;  0  ;  0  ;  0  ;  
0  ;  0  ;  0  ;  0  ;  0  ;  18  ;  25  ;  0  ;  0  ;  0  ;  
0  ;  0  ;  0  ;  0  ;  0  ;  0  ;  8  ;  38  ;  10  ;  0  ;  
0  ;  0  ;  0  ;  0  ;  0  ;  30  ;  26  ;  2  ;  36  ;  5  ;  
0  ;  0  ;  0  ;  0  ;  37  ;  0  ;  5  ;  0  ;  0  ;  40  ;  

gradiant:(with delta=1)
0 -0.00174519 -0.00349039 -0.00523561 -0.00523561 -0.00523561 -0.00349039 -0.00174519 0 -0.00174519 
