Supplys(in rows):
s0	s1	s2	s3	s4	s5	s6	s7	s8	s9	
70	88	66	61	50	62	25	57	69	92	
Demands(in cols):
d0	d1	d2	d3	d4	d5	d6	d7	d8	d9	
28	57	41	44	93	40	43	59	22	65	
delta:1


emd_me:    0.132813
emd_opencv:    0.132813
emd_me_plan:    
28  ;  0  ;  0  ;  0  ;  0  ;  0  ;  0  ;  0  ;  0  ;  0  ;  
16  ;  57  ;  0  ;  0  ;  0  ;  0  ;  0  ;  0  ;  0  ;  0  ;  
38  ;  18  ;  41  ;  4  ;  0  ;  7  ;  0  ;  0  ;  0  ;  0  ;  
0  ;  28  ;  0  ;  40  ;  21  ;  0  ;  0  ;  0  ;  0  ;  0  ;  
0  ;  1  ;  73  ;  0  ;  14  ;  33  ;  0  ;  0  ;  0  ;  0  ;  
0  ;  0  ;  0  ;  39  ;  22  ;  40  ;  0  ;  0  ;  0  ;  0  ;  
0  ;  0  ;  0  ;  0  ;  0  ;  18  ;  25  ;  0  ;  0  ;  0  ;  
0  ;  0  ;  0  ;  0  ;  0  ;  0  ;  3  ;  57  ;  10  ;  0  ;  
0  ;  0  ;  0  ;  0  ;  0  ;  0  ;  18  ;  2  ;  22  ;  4  ;  
0  ;  0  ;  0  ;  0  ;  37  ;  0  ;  5  ;  0  ;  0  ;  65  ;  

emd_opencv_plan:    
28 :: 0 :: 0 :: 0 :: 0 :: 0 :: 0 :: 0 :: 0 :: 0 :: 
16 :: 57 :: 0 :: 0 :: 0 :: 0 :: 0 :: 0 :: 0 :: 0 :: 
38 :: 18 :: 41 :: 4 :: 0 :: 7 :: 0 :: 0 :: 0 :: 0 :: 
0 :: 28 :: 0 :: 40 :: 21 :: 0 :: 0 :: 0 :: 0 :: 0 :: 
0 :: 1 :: 73 :: 0 :: 50 :: 34 :: 0 :: 0 :: 0 :: 0 :: 
0 :: 0 :: 0 :: 39 :: 22 :: 40 :: 0 :: 0 :: 0 :: 0 :: 
0 :: 0 :: 0 :: 0 :: 0 :: 18 :: 25 :: 0 :: 0 :: 0 :: 
0 :: 0 :: 0 :: 0 :: 0 :: 0 :: 3 :: 57 :: 10 :: 0 :: 
0 :: 0 :: 0 :: 0 :: 0 :: 0 :: 18 :: 2 :: 22 :: 4 :: 
0 :: 0 :: 0 :: 0 :: 36 :: 0 :: 5 :: 0 :: 0 :: 65 :: 
-，-，-，-，-，-，-，-，-s0+delta-，-，-，-，-，-，-，-，-
emd_delta_0:    0.132813
emd_me__0plan:    
28  ;  0  ;  0  ;  0  ;  0  ;  0  ;  0  ;  0  ;  0  ;  0  ;  
17  ;  57  ;  0  ;  0  ;  0  ;  0  ;  0  ;  0  ;  0  ;  0  ;  
39  ;  19  ;  41  ;  4  ;  0  ;  7  ;  0  ;  0  ;  0  ;  0  ;  
0  ;  28  ;  0  ;  40  ;  21  ;  0  ;  0  ;  0  ;  0  ;  0  ;  
0  ;  2  ;  73  ;  0  ;  14  ;  33  ;  0  ;  0  ;  0  ;  0  ;  
0  ;  0  ;  0  ;  39  ;  22  ;  40  ;  0  ;  0  ;  0  ;  0  ;  
0  ;  0  ;  0  ;  0  ;  0  ;  18  ;  25  ;  0  ;  0  ;  0  ;  
0  ;  0  ;  0  ;  0  ;  0  ;  0  ;  3  ;  57  ;  10  ;  0  ;  
0  ;  0  ;  0  ;  0  ;  0  ;  0  ;  18  ;  2  ;  22  ;  3  ;  
0  ;  0  ;  0  ;  0  ;  37  ;  0  ;  5  ;  0  ;  0  ;  65  ;  

-，-，-，-，-，-，-，-，-s1+delta-，-，-，-，-，-，-，-，-
emd_delta_1:    0.132813
emd_me__1plan:    
28  ;  0  ;  0  ;  0  ;  0  ;  0  ;  0  ;  0  ;  0  ;  0  ;  
17  ;  57  ;  0  ;  0  ;  0  ;  0  ;  0  ;  0  ;  0  ;  0  ;  
39  ;  19  ;  41  ;  4  ;  0  ;  7  ;  0  ;  0  ;  0  ;  0  ;  
0  ;  28  ;  0  ;  40  ;  21  ;  0  ;  0  ;  0  ;  0  ;  0  ;  
0  ;  2  ;  73  ;  0  ;  14  ;  33  ;  0  ;  0  ;  0  ;  0  ;  
0  ;  0  ;  0  ;  39  ;  22  ;  40  ;  0  ;  0  ;  0  ;  0  ;  
0  ;  0  ;  0  ;  0  ;  0  ;  18  ;  25  ;  0  ;  0  ;  0  ;  
0  ;  0  ;  0  ;  0  ;  0  ;  0  ;  3  ;  57  ;  10  ;  0  ;  
0  ;  0  ;  0  ;  0  ;  0  ;  0  ;  18  ;  2  ;  22  ;  3  ;  
0  ;  0  ;  0  ;  0  ;  37  ;  0  ;  5  ;  0  ;  0  ;  65  ;  

-，-，-，-，-，-，-，-，-s2+delta-，-，-，-，-，-，-，-，-
emd_delta_2:    0.132813
emd_me__2plan:    
28  ;  0  ;  0  ;  0  ;  0  ;  0  ;  0  ;  0  ;  0  ;  0  ;  
17  ;  57  ;  0  ;  0  ;  0  ;  0  ;  0  ;  0  ;  0  ;  0  ;  
39  ;  19  ;  41  ;  4  ;  0  ;  7  ;  0  ;  0  ;  0  ;  0  ;  
0  ;  28  ;  0  ;  40  ;  21  ;  0  ;  0  ;  0  ;  0  ;  0  ;  
0  ;  2  ;  73  ;  0  ;  14  ;  33  ;  0  ;  0  ;  0  ;  0  ;  
0  ;  0  ;  0  ;  39  ;  22  ;  40  ;  0  ;  0  ;  0  ;  0  ;  
0  ;  0  ;  0  ;  0  ;  0  ;  18  ;  25  ;  0  ;  0  ;  0  ;  
0  ;  0  ;  0  ;  0  ;  0  ;  0  ;  3  ;  57  ;  10  ;  0  ;  
0  ;  0  ;  0  ;  0  ;  0  ;  0  ;  18  ;  2  ;  22  ;  3  ;  
0  ;  0  ;  0  ;  0  ;  37  ;  0  ;  5  ;  0  ;  0  ;  65  ;  

-，-，-，-，-，-，-，-，-s3+delta-，-，-，-，-，-，-，-，-
emd_delta_3:    0.13125
emd_me__3plan:    
28  ;  0  ;  0  ;  0  ;  0  ;  0  ;  0  ;  0  ;  0  ;  0  ;  
17  ;  57  ;  0  ;  0  ;  0  ;  0  ;  0  ;  0  ;  0  ;  0  ;  
39  ;  19  ;  41  ;  3  ;  0  ;  7  ;  0  ;  0  ;  0  ;  0  ;  
0  ;  28  ;  0  ;  41  ;  21  ;  0  ;  0  ;  0  ;  0  ;  0  ;  
0  ;  2  ;  73  ;  0  ;  14  ;  33  ;  0  ;  0  ;  0  ;  0  ;  
0  ;  0  ;  0  ;  39  ;  22  ;  40  ;  0  ;  0  ;  0  ;  0  ;  
0  ;  0  ;  0  ;  0  ;  0  ;  18  ;  25  ;  0  ;  0  ;  0  ;  
0  ;  0  ;  0  ;  0  ;  0  ;  0  ;  3  ;  57  ;  10  ;  0  ;  
0  ;  0  ;  0  ;  0  ;  0  ;  0  ;  18  ;  2  ;  22  ;  3  ;  
0  ;  0  ;  0  ;  0  ;  37  ;  0  ;  5  ;  0  ;  0  ;  65  ;  

-，-，-，-，-，-，-，-，-s4+delta-，-，-，-，-，-，-，-，-
emd_delta_4:    0.129688
emd_me__4plan:    
28  ;  0  ;  0  ;  0  ;  0  ;  0  ;  0  ;  0  ;  0  ;  0  ;  
17  ;  57  ;  0  ;  0  ;  0  ;  0  ;  0  ;  0  ;  0  ;  0  ;  
39  ;  19  ;  41  ;  3  ;  0  ;  7  ;  0  ;  0  ;  0  ;  0  ;  
0  ;  28  ;  0  ;  41  ;  20  ;  0  ;  0  ;  0  ;  0  ;  0  ;  
0  ;  2  ;  73  ;  0  ;  14  ;  33  ;  0  ;  0  ;  0  ;  0  ;  
0  ;  0  ;  0  ;  39  ;  22  ;  40  ;  0  ;  0  ;  0  ;  0  ;  
0  ;  0  ;  0  ;  0  ;  0  ;  18  ;  25  ;  0  ;  0  ;  0  ;  
0  ;  0  ;  0  ;  0  ;  0  ;  0  ;  3  ;  57  ;  10  ;  0  ;  
0  ;  0  ;  0  ;  0  ;  0  ;  0  ;  18  ;  2  ;  22  ;  3  ;  
0  ;  0  ;  0  ;  0  ;  37  ;  0  ;  5  ;  0  ;  0  ;  65  ;  

-，-，-，-，-，-，-，-，-s5+delta-，-，-，-，-，-，-，-，-
emd_delta_5:    0.13125
emd_me__5plan:    
28  ;  0  ;  0  ;  0  ;  0  ;  0  ;  0  ;  0  ;  0  ;  0  ;  
17  ;  57  ;  0  ;  0  ;  0  ;  0  ;  0  ;  0  ;  0  ;  0  ;  
39  ;  19  ;  41  ;  3  ;  0  ;  7  ;  0  ;  0  ;  0  ;  0  ;  
0  ;  28  ;  0  ;  41  ;  20  ;  0  ;  0  ;  0  ;  0  ;  0  ;  
0  ;  2  ;  73  ;  0  ;  14  ;  33  ;  0  ;  0  ;  0  ;  0  ;  
0  ;  0  ;  0  ;  39  ;  23  ;  40  ;  0  ;  0  ;  0  ;  0  ;  
0  ;  0  ;  0  ;  0  ;  0  ;  18  ;  25  ;  0  ;  0  ;  0  ;  
0  ;  0  ;  0  ;  0  ;  0  ;  0  ;  3  ;  57  ;  10  ;  0  ;  
0  ;  0  ;  0  ;  0  ;  0  ;  0  ;  18  ;  2  ;  22  ;  3  ;  
0  ;  0  ;  0  ;  0  ;  37  ;  0  ;  5  ;  0  ;  0  ;  65  ;  

-，-，-，-，-，-，-，-，-s6+delta-，-，-，-，-，-，-，-，-
emd_delta_6:    0.129688
emd_me__6plan:    
28  ;  0  ;  0  ;  0  ;  0  ;  0  ;  0  ;  0  ;  0  ;  0  ;  
17  ;  57  ;  0  ;  0  ;  0  ;  0  ;  0  ;  0  ;  0  ;  0  ;  
39  ;  19  ;  41  ;  4  ;  0  ;  7  ;  0  ;  0  ;  0  ;  0  ;  
0  ;  28  ;  0  ;  40  ;  21  ;  0  ;  0  ;  0  ;  0  ;  0  ;  
0  ;  2  ;  73  ;  0  ;  14  ;  33  ;  0  ;  0  ;  0  ;  0  ;  
0  ;  0  ;  0  ;  39  ;  22  ;  40  ;  0  ;  0  ;  0  ;  0  ;  
0  ;  0  ;  0  ;  0  ;  0  ;  18  ;  26  ;  0  ;  0  ;  0  ;  
0  ;  0  ;  0  ;  0  ;  0  ;  0  ;  3  ;  57  ;  10  ;  0  ;  
0  ;  0  ;  0  ;  0  ;  0  ;  0  ;  17  ;  2  ;  22  ;  3  ;  
0  ;  0  ;  0  ;  0  ;  37  ;  0  ;  5  ;  0  ;  0  ;  65  ;  

-，-，-，-，-，-，-，-，-s7+delta-，-，-，-，-，-，-，-，-
emd_delta_7:    0.13125
emd_me__7plan:    
28  ;  0  ;  0  ;  0  ;  0  ;  0  ;  0  ;  0  ;  0  ;  0  ;  
17  ;  57  ;  0  ;  0  ;  0  ;  0  ;  0  ;  0  ;  0  ;  0  ;  
39  ;  19  ;  41  ;  4  ;  0  ;  7  ;  0  ;  0  ;  0  ;  0  ;  
0  ;  28  ;  0  ;  40  ;  21  ;  0  ;  0  ;  0  ;  0  ;  0  ;  
0  ;  2  ;  73  ;  0  ;  14  ;  33  ;  0  ;  0  ;  0  ;  0  ;  
0  ;  0  ;  0  ;  39  ;  22  ;  40  ;  0  ;  0  ;  0  ;  0  ;  
0  ;  0  ;  0  ;  0  ;  0  ;  18  ;  25  ;  0  ;  0  ;  0  ;  
0  ;  0  ;  0  ;  0  ;  0  ;  0  ;  3  ;  58  ;  10  ;  0  ;  
0  ;  0  ;  0  ;  0  ;  0  ;  0  ;  18  ;  1  ;  22  ;  3  ;  
0  ;  0  ;  0  ;  0  ;  37  ;  0  ;  5  ;  0  ;  0  ;  65  ;  

-，-，-，-，-，-，-，-，-s8+delta-，-，-，-，-，-，-，-，-
emd_delta_8:    0.132813
emd_me__8plan:    
28  ;  0  ;  0  ;  0  ;  0  ;  0  ;  0  ;  0  ;  0  ;  0  ;  
17  ;  57  ;  0  ;  0  ;  0  ;  0  ;  0  ;  0  ;  0  ;  0  ;  
39  ;  19  ;  41  ;  4  ;  0  ;  7  ;  0  ;  0  ;  0  ;  0  ;  
0  ;  28  ;  0  ;  40  ;  21  ;  0  ;  0  ;  0  ;  0  ;  0  ;  
0  ;  2  ;  73  ;  0  ;  14  ;  33  ;  0  ;  0  ;  0  ;  0  ;  
0  ;  0  ;  0  ;  39  ;  22  ;  40  ;  0  ;  0  ;  0  ;  0  ;  
0  ;  0  ;  0  ;  0  ;  0  ;  18  ;  25  ;  0  ;  0  ;  0  ;  
0  ;  0  ;  0  ;  0  ;  0  ;  0  ;  3  ;  57  ;  10  ;  0  ;  
0  ;  0  ;  0  ;  0  ;  0  ;  0  ;  18  ;  2  ;  22  ;  3  ;  
0  ;  0  ;  0  ;  0  ;  37  ;  0  ;  5  ;  0  ;  0  ;  65  ;  

-，-，-，-，-，-，-，-，-s9+delta-，-，-，-，-，-，-，-，-
emd_delta_9:    0.132813
emd_me__9plan:    
28  ;  0  ;  0  ;  0  ;  0  ;  0  ;  0  ;  0  ;  0  ;  0  ;  
17  ;  57  ;  0  ;  0  ;  0  ;  0  ;  0  ;  0  ;  0  ;  0  ;  
39  ;  19  ;  41  ;  4  ;  0  ;  7  ;  0  ;  0  ;  0  ;  0  ;  
0  ;  28  ;  0  ;  40  ;  21  ;  0  ;  0  ;  0  ;  0  ;  0  ;  
0  ;  2  ;  73  ;  0  ;  14  ;  33  ;  0  ;  0  ;  0  ;  0  ;  
0  ;  0  ;  0  ;  39  ;  22  ;  40  ;  0  ;  0  ;  0  ;  0  ;  
0  ;  0  ;  0  ;  0  ;  0  ;  18  ;  25  ;  0  ;  0  ;  0  ;  
0  ;  0  ;  0  ;  0  ;  0  ;  0  ;  3  ;  57  ;  10  ;  0  ;  
0  ;  0  ;  0  ;  0  ;  0  ;  0  ;  18  ;  2  ;  22  ;  3  ;  
0  ;  0  ;  0  ;  0  ;  37  ;  0  ;  5  ;  0  ;  0  ;  65  ;  

gradiant:(with delta=1)
0 0 0 -0.00156251 -0.003125 -0.00156251 -0.003125 -0.00156251 0 0 
