Supplys(in rows):
s0	s1	s2	s3	s4	s5	s6	s7	s8	s9	
88	11	82	75	59	58	77	30	86	46	
Demands(in cols):
d0	d1	d2	d3	d4	d5	d6	d7	d8	d9	
24	25	30	64	77	83	59	52	48	50	
delta:1


emd_me:    0.169935
emd_opencv:    0.169935
emd_me_plan:    
24  ;  0  ;  0  ;  0  ;  0  ;  0  ;  0  ;  0  ;  0  ;  0  ;  
0  ;  11  ;  0  ;  0  ;  0  ;  0  ;  0  ;  0  ;  0  ;  0  ;  
0  ;  14  ;  30  ;  7  ;  0  ;  7  ;  0  ;  0  ;  0  ;  0  ;  
0  ;  0  ;  0  ;  57  ;  18  ;  0  ;  0  ;  0  ;  0  ;  0  ;  
0  ;  0  ;  0  ;  0  ;  59  ;  0  ;  0  ;  0  ;  0  ;  0  ;  
0  ;  0  ;  0  ;  0  ;  0  ;  58  ;  0  ;  0  ;  0  ;  0  ;  
0  ;  0  ;  0  ;  0  ;  0  ;  18  ;  59  ;  0  ;  0  ;  0  ;  
0  ;  0  ;  0  ;  0  ;  0  ;  0  ;  0  ;  30  ;  0  ;  0  ;  
0  ;  0  ;  0  ;  0  ;  0  ;  0  ;  0  ;  22  ;  48  ;  4  ;  
0  ;  0  ;  0  ;  0  ;  0  ;  0  ;  0  ;  0  ;  0  ;  46  ;  

emd_opencv_plan:    
24 :: 0 :: 0 :: 0 :: 0 :: 0 :: 0 :: 0 :: 0 :: 0 :: 
0 :: 11 :: 0 :: 0 :: 0 :: 0 :: 0 :: 0 :: 0 :: 0 :: 
0 :: 14 :: 30 :: 7 :: 0 :: 7 :: 0 :: 0 :: 0 :: 0 :: 
0 :: 0 :: 0 :: 57 :: 18 :: 0 :: 0 :: 0 :: 0 :: 0 :: 
0 :: 0 :: 0 :: 0 :: 59 :: 0 :: 0 :: 0 :: 0 :: 0 :: 
0 :: 0 :: 0 :: 0 :: 0 :: 58 :: 0 :: 0 :: 0 :: 0 :: 
0 :: 0 :: 0 :: 0 :: 0 :: 18 :: 59 :: 0 :: 0 :: 0 :: 
0 :: 0 :: 0 :: 0 :: 0 :: 0 :: 0 :: 30 :: 0 :: 0 :: 
0 :: 0 :: 0 :: 0 :: 0 :: 0 :: 0 :: 22 :: 48 :: 4 :: 
0 :: 0 :: 0 :: 0 :: 0 :: 0 :: 0 :: 0 :: 0 :: 46 :: 
-，-，-，-，-，-，-，-，-s0+delta-，-，-，-，-，-，-，-，-
emd_delta_0:    0.169935
emd_me__0plan:    
24  ;  0  ;  0  ;  0  ;  0  ;  0  ;  0  ;  0  ;  0  ;  0  ;  
0  ;  11  ;  0  ;  0  ;  0  ;  0  ;  0  ;  0  ;  0  ;  0  ;  
0  ;  14  ;  30  ;  7  ;  0  ;  7  ;  0  ;  0  ;  0  ;  0  ;  
0  ;  0  ;  0  ;  57  ;  18  ;  0  ;  0  ;  0  ;  0  ;  0  ;  
0  ;  0  ;  0  ;  0  ;  59  ;  0  ;  0  ;  0  ;  0  ;  0  ;  
0  ;  0  ;  0  ;  0  ;  0  ;  58  ;  0  ;  0  ;  0  ;  0  ;  
0  ;  0  ;  0  ;  0  ;  0  ;  18  ;  59  ;  0  ;  0  ;  0  ;  
0  ;  0  ;  0  ;  0  ;  0  ;  0  ;  0  ;  30  ;  0  ;  0  ;  
0  ;  0  ;  0  ;  0  ;  0  ;  0  ;  0  ;  22  ;  48  ;  4  ;  
0  ;  0  ;  0  ;  0  ;  0  ;  0  ;  0  ;  0  ;  0  ;  46  ;  

-，-，-，-，-，-，-，-，-s1+delta-，-，-，-，-，-，-，-，-
emd_delta_1:    0.168301
emd_me__1plan:    
24  ;  0  ;  0  ;  0  ;  0  ;  0  ;  0  ;  0  ;  0  ;  0  ;  
0  ;  12  ;  0  ;  0  ;  0  ;  0  ;  0  ;  0  ;  0  ;  0  ;  
0  ;  13  ;  30  ;  7  ;  0  ;  7  ;  0  ;  0  ;  0  ;  0  ;  
0  ;  0  ;  0  ;  57  ;  18  ;  0  ;  0  ;  0  ;  0  ;  0  ;  
0  ;  0  ;  0  ;  0  ;  59  ;  0  ;  0  ;  0  ;  0  ;  0  ;  
0  ;  0  ;  0  ;  0  ;  0  ;  58  ;  0  ;  0  ;  0  ;  0  ;  
0  ;  0  ;  0  ;  0  ;  0  ;  18  ;  59  ;  0  ;  0  ;  0  ;  
0  ;  0  ;  0  ;  0  ;  0  ;  0  ;  0  ;  30  ;  0  ;  0  ;  
0  ;  0  ;  0  ;  0  ;  0  ;  0  ;  0  ;  22  ;  48  ;  4  ;  
0  ;  0  ;  0  ;  0  ;  0  ;  0  ;  0  ;  0  ;  0  ;  46  ;  

-，-，-，-，-，-，-，-，-s2+delta-，-，-，-，-，-，-，-，-
emd_delta_2:    0.169935
emd_me__2plan:    
24  ;  0  ;  0  ;  0  ;  0  ;  0  ;  0  ;  0  ;  0  ;  0  ;  
0  ;  11  ;  0  ;  0  ;  0  ;  0  ;  0  ;  0  ;  0  ;  0  ;  
0  ;  14  ;  30  ;  7  ;  0  ;  7  ;  0  ;  0  ;  0  ;  0  ;  
0  ;  0  ;  0  ;  57  ;  18  ;  0  ;  0  ;  0  ;  0  ;  0  ;  
0  ;  0  ;  0  ;  0  ;  59  ;  0  ;  0  ;  0  ;  0  ;  0  ;  
0  ;  0  ;  0  ;  0  ;  0  ;  58  ;  0  ;  0  ;  0  ;  0  ;  
0  ;  0  ;  0  ;  0  ;  0  ;  18  ;  59  ;  0  ;  0  ;  0  ;  
0  ;  0  ;  0  ;  0  ;  0  ;  0  ;  0  ;  30  ;  0  ;  0  ;  
0  ;  0  ;  0  ;  0  ;  0  ;  0  ;  0  ;  22  ;  48  ;  4  ;  
0  ;  0  ;  0  ;  0  ;  0  ;  0  ;  0  ;  0  ;  0  ;  46  ;  

-，-，-，-，-，-，-，-，-s3+delta-，-，-，-，-，-，-，-，-
emd_delta_3:    0.168301
emd_me__3plan:    
24  ;  0  ;  0  ;  0  ;  0  ;  0  ;  0  ;  0  ;  0  ;  0  ;  
0  ;  11  ;  0  ;  0  ;  0  ;  0  ;  0  ;  0  ;  0  ;  0  ;  
0  ;  14  ;  30  ;  6  ;  0  ;  7  ;  0  ;  0  ;  0  ;  0  ;  
0  ;  0  ;  0  ;  58  ;  18  ;  0  ;  0  ;  0  ;  0  ;  0  ;  
0  ;  0  ;  0  ;  0  ;  59  ;  0  ;  0  ;  0  ;  0  ;  0  ;  
0  ;  0  ;  0  ;  0  ;  0  ;  58  ;  0  ;  0  ;  0  ;  0  ;  
0  ;  0  ;  0  ;  0  ;  0  ;  18  ;  59  ;  0  ;  0  ;  0  ;  
0  ;  0  ;  0  ;  0  ;  0  ;  0  ;  0  ;  30  ;  0  ;  0  ;  
0  ;  0  ;  0  ;  0  ;  0  ;  0  ;  0  ;  22  ;  48  ;  4  ;  
0  ;  0  ;  0  ;  0  ;  0  ;  0  ;  0  ;  0  ;  0  ;  46  ;  

-，-，-，-，-，-，-，-，-s4+delta-，-，-，-，-，-，-，-，-
emd_delta_4:    0.166667
emd_me__4plan:    
24  ;  0  ;  0  ;  0  ;  0  ;  0  ;  0  ;  0  ;  0  ;  0  ;  
0  ;  11  ;  0  ;  0  ;  0  ;  0  ;  0  ;  0  ;  0  ;  0  ;  
0  ;  14  ;  30  ;  6  ;  0  ;  7  ;  0  ;  0  ;  0  ;  0  ;  
0  ;  0  ;  0  ;  58  ;  17  ;  0  ;  0  ;  0  ;  0  ;  0  ;  
0  ;  0  ;  0  ;  0  ;  60  ;  0  ;  0  ;  0  ;  0  ;  0  ;  
0  ;  0  ;  0  ;  0  ;  0  ;  58  ;  0  ;  0  ;  0  ;  0  ;  
0  ;  0  ;  0  ;  0  ;  0  ;  18  ;  59  ;  0  ;  0  ;  0  ;  
0  ;  0  ;  0  ;  0  ;  0  ;  0  ;  0  ;  30  ;  0  ;  0  ;  
0  ;  0  ;  0  ;  0  ;  0  ;  0  ;  0  ;  22  ;  48  ;  4  ;  
0  ;  0  ;  0  ;  0  ;  0  ;  0  ;  0  ;  0  ;  0  ;  46  ;  

-，-，-，-，-，-，-，-，-s5+delta-，-，-，-，-，-，-，-，-
emd_delta_5:    0.165033
emd_me__5plan:    
24  ;  0  ;  0  ;  0  ;  0  ;  0  ;  0  ;  0  ;  0  ;  0  ;  
0  ;  11  ;  0  ;  0  ;  0  ;  0  ;  0  ;  0  ;  0  ;  0  ;  
0  ;  14  ;  30  ;  7  ;  0  ;  6  ;  0  ;  0  ;  0  ;  0  ;  
0  ;  0  ;  0  ;  57  ;  18  ;  0  ;  0  ;  0  ;  0  ;  0  ;  
0  ;  0  ;  0  ;  0  ;  59  ;  0  ;  0  ;  0  ;  0  ;  0  ;  
0  ;  0  ;  0  ;  0  ;  0  ;  59  ;  0  ;  0  ;  0  ;  0  ;  
0  ;  0  ;  0  ;  0  ;  0  ;  18  ;  59  ;  0  ;  0  ;  0  ;  
0  ;  0  ;  0  ;  0  ;  0  ;  0  ;  0  ;  30  ;  0  ;  0  ;  
0  ;  0  ;  0  ;  0  ;  0  ;  0  ;  0  ;  22  ;  48  ;  4  ;  
0  ;  0  ;  0  ;  0  ;  0  ;  0  ;  0  ;  0  ;  0  ;  46  ;  

-，-，-，-，-，-，-，-，-s6+delta-，-，-，-，-，-，-，-，-
emd_delta_6:    0.166667
emd_me__6plan:    
24  ;  0  ;  0  ;  0  ;  0  ;  0  ;  0  ;  0  ;  0  ;  0  ;  
0  ;  11  ;  0  ;  0  ;  0  ;  0  ;  0  ;  0  ;  0  ;  0  ;  
0  ;  14  ;  30  ;  7  ;  0  ;  6  ;  0  ;  0  ;  0  ;  0  ;  
0  ;  0  ;  0  ;  57  ;  18  ;  0  ;  0  ;  0  ;  0  ;  0  ;  
0  ;  0  ;  0  ;  0  ;  59  ;  0  ;  0  ;  0  ;  0  ;  0  ;  
0  ;  0  ;  0  ;  0  ;  0  ;  58  ;  0  ;  0  ;  0  ;  0  ;  
0  ;  0  ;  0  ;  0  ;  0  ;  19  ;  59  ;  0  ;  0  ;  0  ;  
0  ;  0  ;  0  ;  0  ;  0  ;  0  ;  0  ;  30  ;  0  ;  0  ;  
0  ;  0  ;  0  ;  0  ;  0  ;  0  ;  0  ;  22  ;  48  ;  4  ;  
0  ;  0  ;  0  ;  0  ;  0  ;  0  ;  0  ;  0  ;  0  ;  46  ;  

-，-，-，-，-，-，-，-，-s7+delta-，-，-，-，-，-，-，-，-
emd_delta_7:    0.168301
emd_me__7plan:    
24  ;  0  ;  0  ;  0  ;  0  ;  0  ;  0  ;  0  ;  0  ;  0  ;  
0  ;  11  ;  0  ;  0  ;  0  ;  0  ;  0  ;  0  ;  0  ;  0  ;  
0  ;  14  ;  30  ;  7  ;  0  ;  7  ;  0  ;  0  ;  0  ;  0  ;  
0  ;  0  ;  0  ;  57  ;  18  ;  0  ;  0  ;  0  ;  0  ;  0  ;  
0  ;  0  ;  0  ;  0  ;  59  ;  0  ;  0  ;  0  ;  0  ;  0  ;  
0  ;  0  ;  0  ;  0  ;  0  ;  58  ;  0  ;  0  ;  0  ;  0  ;  
0  ;  0  ;  0  ;  0  ;  0  ;  18  ;  59  ;  0  ;  0  ;  0  ;  
0  ;  0  ;  0  ;  0  ;  0  ;  0  ;  0  ;  31  ;  0  ;  0  ;  
0  ;  0  ;  0  ;  0  ;  0  ;  0  ;  0  ;  21  ;  48  ;  4  ;  
0  ;  0  ;  0  ;  0  ;  0  ;  0  ;  0  ;  0  ;  0  ;  46  ;  

-，-，-，-，-，-，-，-，-s8+delta-，-，-，-，-，-，-，-，-
emd_delta_8:    0.169935
emd_me__8plan:    
24  ;  0  ;  0  ;  0  ;  0  ;  0  ;  0  ;  0  ;  0  ;  0  ;  
0  ;  11  ;  0  ;  0  ;  0  ;  0  ;  0  ;  0  ;  0  ;  0  ;  
0  ;  14  ;  30  ;  7  ;  0  ;  7  ;  0  ;  0  ;  0  ;  0  ;  
0  ;  0  ;  0  ;  57  ;  18  ;  0  ;  0  ;  0  ;  0  ;  0  ;  
0  ;  0  ;  0  ;  0  ;  59  ;  0  ;  0  ;  0  ;  0  ;  0  ;  
0  ;  0  ;  0  ;  0  ;  0  ;  58  ;  0  ;  0  ;  0  ;  0  ;  
0  ;  0  ;  0  ;  0  ;  0  ;  18  ;  59  ;  0  ;  0  ;  0  ;  
0  ;  0  ;  0  ;  0  ;  0  ;  0  ;  0  ;  30  ;  0  ;  0  ;  
0  ;  0  ;  0  ;  0  ;  0  ;  0  ;  0  ;  22  ;  48  ;  4  ;  
0  ;  0  ;  0  ;  0  ;  0  ;  0  ;  0  ;  0  ;  0  ;  46  ;  

-，-，-，-，-，-，-，-，-s9+delta-，-，-，-，-，-，-，-，-
emd_delta_9:    0.168301
emd_me__9plan:    
24  ;  0  ;  0  ;  0  ;  0  ;  0  ;  0  ;  0  ;  0  ;  0  ;  
0  ;  11  ;  0  ;  0  ;  0  ;  0  ;  0  ;  0  ;  0  ;  0  ;  
0  ;  14  ;  30  ;  7  ;  0  ;  7  ;  0  ;  0  ;  0  ;  0  ;  
0  ;  0  ;  0  ;  57  ;  18  ;  0  ;  0  ;  0  ;  0  ;  0  ;  
0  ;  0  ;  0  ;  0  ;  59  ;  0  ;  0  ;  0  ;  0  ;  0  ;  
0  ;  0  ;  0  ;  0  ;  0  ;  58  ;  0  ;  0  ;  0  ;  0  ;  
0  ;  0  ;  0  ;  0  ;  0  ;  18  ;  59  ;  0  ;  0  ;  0  ;  
0  ;  0  ;  0  ;  0  ;  0  ;  0  ;  0  ;  30  ;  0  ;  0  ;  
0  ;  0  ;  0  ;  0  ;  0  ;  0  ;  0  ;  22  ;  48  ;  3  ;  
0  ;  0  ;  0  ;  0  ;  0  ;  0  ;  0  ;  0  ;  0  ;  47  ;  

gradiant:(with delta=1)
0 -0.00163399 0 -0.00163399 -0.00326797 -0.00490196 -0.00326797 -0.00163399 0 -0.00163399 
