Supplys(in rows):
s0	s1	s2	s3	s4	s5	s6	s7	s8	s9	
84	40	62	94	25	78	47	81	11	47	
Demands(in cols):
d0	d1	d2	d3	d4	d5	d6	d7	d8	d9	
90	83	55	48	24	49	15	97	53	48	
delta:1


emd_me:    0.398946
emd_opencv:    0.398946
emd_me_plan:    
84  ;  63  ;  0  ;  0  ;  0  ;  0  ;  0  ;  0  ;  0  ;  0  ;  
6  ;  34  ;  39  ;  0  ;  0  ;  0  ;  0  ;  0  ;  0  ;  0  ;  
38  ;  49  ;  13  ;  11  ;  0  ;  7  ;  0  ;  0  ;  0  ;  0  ;  
0  ;  28  ;  42  ;  48  ;  21  ;  0  ;  0  ;  0  ;  0  ;  0  ;  
0  ;  1  ;  73  ;  0  ;  14  ;  33  ;  0  ;  0  ;  0  ;  0  ;  
0  ;  0  ;  0  ;  39  ;  22  ;  49  ;  0  ;  0  ;  26  ;  1  ;  
0  ;  0  ;  0  ;  0  ;  0  ;  18  ;  15  ;  16  ;  16  ;  0  ;  
0  ;  0  ;  0  ;  0  ;  0  ;  0  ;  3  ;  81  ;  10  ;  0  ;  
0  ;  0  ;  0  ;  0  ;  0  ;  29  ;  26  ;  2  ;  11  ;  6  ;  
0  ;  0  ;  0  ;  0  ;  37  ;  0  ;  5  ;  0  ;  0  ;  47  ;  

emd_opencv_plan:    
84 :: 63 :: 0 :: 0 :: 0 :: 0 :: 0 :: 0 :: 0 :: 0 :: 
6 :: 34 :: 39 :: 0 :: 0 :: 0 :: 0 :: 0 :: 0 :: 0 :: 
38 :: 49 :: 13 :: 11 :: 0 :: 7 :: 0 :: 0 :: 0 :: 0 :: 
0 :: 28 :: 42 :: 48 :: 21 :: 0 :: 0 :: 0 :: 0 :: 0 :: 
0 :: 1 :: 73 :: 0 :: 24 :: 34 :: 0 :: 0 :: 0 :: 0 :: 
0 :: 0 :: 0 :: 39 :: 22 :: 49 :: 0 :: 0 :: 26 :: 1 :: 
0 :: 0 :: 0 :: 0 :: 0 :: 18 :: 15 :: 16 :: 16 :: 0 :: 
0 :: 0 :: 0 :: 0 :: 0 :: 0 :: 8 :: 81 :: 10 :: 0 :: 
0 :: 0 :: 0 :: 0 :: 0 :: 29 :: 26 :: 2 :: 11 :: 6 :: 
0 :: 0 :: 0 :: 0 :: 36 :: 0 :: 5 :: 0 :: 0 :: 47 :: 
-，-，-，-，-，-，-，-，-s0+delta-，-，-，-，-，-，-，-，-
emd_delta_0:    0.398946
emd_me__0plan:    
84  ;  62  ;  0  ;  0  ;  0  ;  0  ;  0  ;  0  ;  0  ;  0  ;  
6  ;  34  ;  38  ;  0  ;  0  ;  0  ;  0  ;  0  ;  0  ;  0  ;  
39  ;  49  ;  13  ;  10  ;  0  ;  7  ;  0  ;  0  ;  0  ;  0  ;  
0  ;  28  ;  42  ;  48  ;  21  ;  0  ;  0  ;  0  ;  0  ;  0  ;  
0  ;  2  ;  73  ;  0  ;  14  ;  33  ;  0  ;  0  ;  0  ;  0  ;  
0  ;  0  ;  0  ;  39  ;  22  ;  49  ;  0  ;  0  ;  26  ;  1  ;  
0  ;  0  ;  0  ;  0  ;  0  ;  18  ;  15  ;  16  ;  16  ;  0  ;  
0  ;  0  ;  0  ;  0  ;  0  ;  0  ;  8  ;  81  ;  10  ;  0  ;  
0  ;  0  ;  0  ;  0  ;  0  ;  30  ;  26  ;  2  ;  11  ;  5  ;  
0  ;  0  ;  0  ;  0  ;  37  ;  0  ;  5  ;  0  ;  0  ;  47  ;  

-，-，-，-，-，-，-，-，-s1+delta-，-，-，-，-，-，-，-，-
emd_delta_1:    0.400703
emd_me__1plan:    
83  ;  62  ;  0  ;  0  ;  0  ;  0  ;  0  ;  0  ;  0  ;  0  ;  
7  ;  34  ;  38  ;  0  ;  0  ;  0  ;  0  ;  0  ;  0  ;  0  ;  
39  ;  49  ;  13  ;  10  ;  0  ;  7  ;  0  ;  0  ;  0  ;  0  ;  
0  ;  28  ;  42  ;  48  ;  21  ;  0  ;  0  ;  0  ;  0  ;  0  ;  
0  ;  2  ;  73  ;  0  ;  14  ;  33  ;  0  ;  0  ;  0  ;  0  ;  
0  ;  0  ;  0  ;  39  ;  22  ;  49  ;  0  ;  0  ;  26  ;  1  ;  
0  ;  0  ;  0  ;  0  ;  0  ;  18  ;  15  ;  16  ;  16  ;  0  ;  
0  ;  0  ;  0  ;  0  ;  0  ;  0  ;  8  ;  81  ;  10  ;  0  ;  
0  ;  0  ;  0  ;  0  ;  0  ;  30  ;  26  ;  2  ;  11  ;  5  ;  
0  ;  0  ;  0  ;  0  ;  37  ;  0  ;  5  ;  0  ;  0  ;  47  ;  

-，-，-，-，-，-，-，-，-s2+delta-，-，-，-，-，-，-，-，-
emd_delta_2:    0.40246
emd_me__2plan:    
83  ;  62  ;  0  ;  0  ;  0  ;  0  ;  0  ;  0  ;  0  ;  0  ;  
7  ;  33  ;  38  ;  0  ;  0  ;  0  ;  0  ;  0  ;  0  ;  0  ;  
39  ;  50  ;  13  ;  10  ;  0  ;  7  ;  0  ;  0  ;  0  ;  0  ;  
0  ;  28  ;  42  ;  48  ;  21  ;  0  ;  0  ;  0  ;  0  ;  0  ;  
0  ;  2  ;  73  ;  0  ;  14  ;  33  ;  0  ;  0  ;  0  ;  0  ;  
0  ;  0  ;  0  ;  39  ;  22  ;  49  ;  0  ;  0  ;  26  ;  1  ;  
0  ;  0  ;  0  ;  0  ;  0  ;  18  ;  15  ;  16  ;  16  ;  0  ;  
0  ;  0  ;  0  ;  0  ;  0  ;  0  ;  8  ;  81  ;  10  ;  0  ;  
0  ;  0  ;  0  ;  0  ;  0  ;  30  ;  26  ;  2  ;  11  ;  5  ;  
0  ;  0  ;  0  ;  0  ;  37  ;  0  ;  5  ;  0  ;  0  ;  47  ;  

-，-，-，-，-，-，-，-，-s3+delta-，-，-，-，-，-，-，-，-
emd_delta_3:    0.404218
emd_me__3plan:    
83  ;  62  ;  0  ;  0  ;  0  ;  0  ;  0  ;  0  ;  0  ;  0  ;  
7  ;  33  ;  38  ;  0  ;  0  ;  0  ;  0  ;  0  ;  0  ;  0  ;  
39  ;  50  ;  12  ;  10  ;  0  ;  7  ;  0  ;  0  ;  0  ;  0  ;  
0  ;  28  ;  43  ;  48  ;  21  ;  0  ;  0  ;  0  ;  0  ;  0  ;  
0  ;  2  ;  73  ;  0  ;  14  ;  33  ;  0  ;  0  ;  0  ;  0  ;  
0  ;  0  ;  0  ;  39  ;  22  ;  49  ;  0  ;  0  ;  26  ;  1  ;  
0  ;  0  ;  0  ;  0  ;  0  ;  18  ;  15  ;  16  ;  16  ;  0  ;  
0  ;  0  ;  0  ;  0  ;  0  ;  0  ;  8  ;  81  ;  10  ;  0  ;  
0  ;  0  ;  0  ;  0  ;  0  ;  30  ;  26  ;  2  ;  11  ;  5  ;  
0  ;  0  ;  0  ;  0  ;  37  ;  0  ;  5  ;  0  ;  0  ;  47  ;  

-，-，-，-，-，-，-，-，-s4+delta-，-，-，-，-，-，-，-，-
emd_delta_4:    0.404218
emd_me__4plan:    
83  ;  62  ;  0  ;  0  ;  0  ;  0  ;  0  ;  0  ;  0  ;  0  ;  
7  ;  33  ;  38  ;  0  ;  0  ;  0  ;  0  ;  0  ;  0  ;  0  ;  
39  ;  50  ;  12  ;  10  ;  0  ;  7  ;  0  ;  0  ;  0  ;  0  ;  
0  ;  28  ;  43  ;  48  ;  21  ;  0  ;  0  ;  0  ;  0  ;  0  ;  
0  ;  2  ;  73  ;  0  ;  14  ;  33  ;  0  ;  0  ;  0  ;  0  ;  
0  ;  0  ;  0  ;  39  ;  22  ;  49  ;  0  ;  0  ;  26  ;  1  ;  
0  ;  0  ;  0  ;  0  ;  0  ;  18  ;  15  ;  16  ;  16  ;  0  ;  
0  ;  0  ;  0  ;  0  ;  0  ;  0  ;  8  ;  81  ;  10  ;  0  ;  
0  ;  0  ;  0  ;  0  ;  0  ;  30  ;  26  ;  2  ;  11  ;  5  ;  
0  ;  0  ;  0  ;  0  ;  37  ;  0  ;  5  ;  0  ;  0  ;  47  ;  

-，-，-，-，-，-，-，-，-s5+delta-，-，-，-，-，-，-，-，-
emd_delta_5:    0.404218
emd_me__5plan:    
83  ;  62  ;  0  ;  0  ;  0  ;  0  ;  0  ;  0  ;  0  ;  0  ;  
7  ;  33  ;  38  ;  0  ;  0  ;  0  ;  0  ;  0  ;  0  ;  0  ;  
39  ;  50  ;  12  ;  10  ;  0  ;  7  ;  0  ;  0  ;  0  ;  0  ;  
0  ;  28  ;  43  ;  48  ;  21  ;  0  ;  0  ;  0  ;  0  ;  0  ;  
0  ;  2  ;  73  ;  0  ;  14  ;  33  ;  0  ;  0  ;  0  ;  0  ;  
0  ;  0  ;  0  ;  39  ;  22  ;  49  ;  0  ;  0  ;  26  ;  1  ;  
0  ;  0  ;  0  ;  0  ;  0  ;  18  ;  15  ;  16  ;  16  ;  0  ;  
0  ;  0  ;  0  ;  0  ;  0  ;  0  ;  8  ;  81  ;  10  ;  0  ;  
0  ;  0  ;  0  ;  0  ;  0  ;  30  ;  26  ;  2  ;  11  ;  5  ;  
0  ;  0  ;  0  ;  0  ;  37  ;  0  ;  5  ;  0  ;  0  ;  47  ;  

-，-，-，-，-，-，-，-，-s6+delta-，-，-，-，-，-，-，-，-
emd_delta_6:    0.40246
emd_me__6plan:    
83  ;  62  ;  0  ;  0  ;  0  ;  0  ;  0  ;  0  ;  0  ;  0  ;  
7  ;  33  ;  38  ;  0  ;  0  ;  0  ;  0  ;  0  ;  0  ;  0  ;  
39  ;  50  ;  12  ;  10  ;  0  ;  7  ;  0  ;  0  ;  0  ;  0  ;  
0  ;  28  ;  43  ;  48  ;  21  ;  0  ;  0  ;  0  ;  0  ;  0  ;  
0  ;  2  ;  73  ;  0  ;  14  ;  33  ;  0  ;  0  ;  0  ;  0  ;  
0  ;  0  ;  0  ;  39  ;  22  ;  49  ;  0  ;  0  ;  25  ;  1  ;  
0  ;  0  ;  0  ;  0  ;  0  ;  18  ;  15  ;  16  ;  17  ;  0  ;  
0  ;  0  ;  0  ;  0  ;  0  ;  0  ;  8  ;  81  ;  10  ;  0  ;  
0  ;  0  ;  0  ;  0  ;  0  ;  30  ;  26  ;  2  ;  11  ;  5  ;  
0  ;  0  ;  0  ;  0  ;  37  ;  0  ;  5  ;  0  ;  0  ;  47  ;  

-，-，-，-，-，-，-，-，-s7+delta-，-，-，-，-，-，-，-，-
emd_delta_7:    0.400703
emd_me__7plan:    
83  ;  62  ;  0  ;  0  ;  0  ;  0  ;  0  ;  0  ;  0  ;  0  ;  
7  ;  33  ;  38  ;  0  ;  0  ;  0  ;  0  ;  0  ;  0  ;  0  ;  
39  ;  50  ;  12  ;  10  ;  0  ;  7  ;  0  ;  0  ;  0  ;  0  ;  
0  ;  28  ;  43  ;  48  ;  21  ;  0  ;  0  ;  0  ;  0  ;  0  ;  
0  ;  2  ;  73  ;  0  ;  14  ;  33  ;  0  ;  0  ;  0  ;  0  ;  
0  ;  0  ;  0  ;  39  ;  22  ;  49  ;  0  ;  0  ;  25  ;  1  ;  
0  ;  0  ;  0  ;  0  ;  0  ;  18  ;  15  ;  15  ;  17  ;  0  ;  
0  ;  0  ;  0  ;  0  ;  0  ;  0  ;  8  ;  82  ;  10  ;  0  ;  
0  ;  0  ;  0  ;  0  ;  0  ;  30  ;  26  ;  2  ;  11  ;  5  ;  
0  ;  0  ;  0  ;  0  ;  37  ;  0  ;  5  ;  0  ;  0  ;  47  ;  

-，-，-，-，-，-，-，-，-s8+delta-，-，-，-，-，-，-，-，-
emd_delta_8:    0.398946
emd_me__8plan:    
83  ;  62  ;  0  ;  0  ;  0  ;  0  ;  0  ;  0  ;  0  ;  0  ;  
7  ;  33  ;  38  ;  0  ;  0  ;  0  ;  0  ;  0  ;  0  ;  0  ;  
39  ;  50  ;  12  ;  10  ;  0  ;  7  ;  0  ;  0  ;  0  ;  0  ;  
0  ;  28  ;  43  ;  48  ;  21  ;  0  ;  0  ;  0  ;  0  ;  0  ;  
0  ;  2  ;  73  ;  0  ;  14  ;  33  ;  0  ;  0  ;  0  ;  0  ;  
0  ;  0  ;  0  ;  39  ;  22  ;  49  ;  0  ;  0  ;  25  ;  1  ;  
0  ;  0  ;  0  ;  0  ;  0  ;  18  ;  15  ;  16  ;  16  ;  0  ;  
0  ;  0  ;  0  ;  0  ;  0  ;  0  ;  8  ;  81  ;  10  ;  0  ;  
0  ;  0  ;  0  ;  0  ;  0  ;  30  ;  26  ;  2  ;  12  ;  5  ;  
0  ;  0  ;  0  ;  0  ;  37  ;  0  ;  5  ;  0  ;  0  ;  47  ;  

-，-，-，-，-，-，-，-，-s9+delta-，-，-，-，-，-，-，-，-
emd_delta_9:    0.397188
emd_me__9plan:    
83  ;  62  ;  0  ;  0  ;  0  ;  0  ;  0  ;  0  ;  0  ;  0  ;  
7  ;  33  ;  38  ;  0  ;  0  ;  0  ;  0  ;  0  ;  0  ;  0  ;  
39  ;  50  ;  12  ;  10  ;  0  ;  7  ;  0  ;  0  ;  0  ;  0  ;  
0  ;  28  ;  43  ;  48  ;  21  ;  0  ;  0  ;  0  ;  0  ;  0  ;  
0  ;  2  ;  73  ;  0  ;  14  ;  33  ;  0  ;  0  ;  0  ;  0  ;  
0  ;  0  ;  0  ;  39  ;  22  ;  49  ;  0  ;  0  ;  26  ;  1  ;  
0  ;  0  ;  0  ;  0  ;  0  ;  18  ;  15  ;  16  ;  16  ;  0  ;  
0  ;  0  ;  0  ;  0  ;  0  ;  0  ;  8  ;  81  ;  10  ;  0  ;  
0  ;  0  ;  0  ;  0  ;  0  ;  30  ;  26  ;  2  ;  11  ;  5  ;  
0  ;  0  ;  0  ;  0  ;  37  ;  0  ;  5  ;  0  ;  0  ;  48  ;  

gradiant:(with delta=1)
0 0.00175747 0.00351495 0.00527242 0.00527242 0.00527242 0.00351495 0.00175747 0 -0.00175747 
