Supplys(in rows):
s0_10;;s1_9;;s2_8;;s3_7;;s4_6;;s5_5;;s6_4;;s7_3;;s8_2;;s9_1;;
Demands(in cols):
d0_1;;d1_2;;d2_3;;d3_4;;d4_5;;d5_6;;d6_7;;d7_8;;d8_9;;d9_10;;
unit cost matrex:
0;;1;;2;;3;;4;;5;;6;;7;;8;;9;;
1;;0;;1;;2;;3;;4;;5;;6;;7;;8;;
2;;1;;0;;1;;2;;3;;4;;5;;6;;7;;
3;;2;;1;;0;;1;;2;;3;;4;;5;;6;;
4;;3;;2;;1;;0;;1;;2;;3;;4;;5;;
5;;4;;3;;2;;1;;0;;1;;2;;3;;4;;
6;;5;;4;;3;;2;;1;;0;;1;;2;;3;;
7;;6;;5;;4;;3;;2;;1;;0;;1;;2;;
8;;7;;6;;5;;4;;3;;2;;1;;0;;1;;
9;;8;;7;;6;;5;;4;;3;;2;;1;;0;;
delta:1
emd_s1s2=3
emd_s1s2_plan:
1;;2;;3;;4;;0;;0;;0;;0;;0;;0;;
0;;0;;0;;0;;5;;1;;3;;0;;0;;0;;
0;;0;;0;;0;;0;;0;;0;;5;;3;;0;;
0;;0;;0;;0;;0;;0;;0;;0;;4;;3;;
0;;0;;0;;0;;0;;0;;0;;0;;0;;6;;
0;;0;;0;;0;;0;;5;;0;;0;;0;;0;;
0;;0;;0;;0;;0;;0;;4;;0;;0;;0;;
0;;0;;0;;0;;0;;0;;0;;3;;0;;0;;
0;;0;;0;;0;;0;;0;;0;;0;;2;;0;;
0;;0;;0;;0;;0;;0;;0;;0;;0;;1;;


e_delta_s1s2_0:3
e_delta_s1s2_0_plan:
1;;2;;3;;4;;0;;0;;0;;0;;0;;0;;
0;;0;;0;;0;;5;;1;;3;;0;;0;;0;;
0;;0;;0;;0;;0;;0;;0;;5;;3;;0;;
0;;0;;0;;0;;0;;0;;0;;0;;4;;3;;
0;;0;;0;;0;;0;;0;;0;;0;;0;;6;;
0;;0;;0;;0;;0;;5;;0;;0;;0;;0;;
0;;0;;0;;0;;0;;0;;4;;0;;0;;0;;
0;;0;;0;;0;;0;;0;;0;;3;;0;;0;;
0;;0;;0;;0;;0;;0;;0;;0;;2;;0;;
0;;0;;0;;0;;0;;0;;0;;0;;0;;1;;

e_delta_s1s2_1:2.98182
e_delta_s1s2_1_plan:
1;;2;;3;;3;;0;;0;;0;;0;;0;;0;;
0;;0;;0;;1;;5;;1;;3;;0;;0;;0;;
0;;0;;0;;0;;0;;0;;0;;5;;3;;0;;
0;;0;;0;;0;;0;;0;;0;;0;;4;;3;;
0;;0;;0;;0;;0;;0;;0;;0;;0;;6;;
0;;0;;0;;0;;0;;5;;0;;0;;0;;0;;
0;;0;;0;;0;;0;;0;;4;;0;;0;;0;;
0;;0;;0;;0;;0;;0;;0;;3;;0;;0;;
0;;0;;0;;0;;0;;0;;0;;0;;2;;0;;
0;;0;;0;;0;;0;;0;;0;;0;;0;;1;;

e_delta_s1s2_2:2.96364
e_delta_s1s2_2_plan:
1;;2;;3;;3;;0;;0;;0;;0;;0;;0;;
0;;0;;0;;1;;5;;1;;2;;0;;0;;0;;
0;;0;;0;;0;;0;;0;;1;;5;;3;;0;;
0;;0;;0;;0;;0;;0;;0;;0;;4;;3;;
0;;0;;0;;0;;0;;0;;0;;0;;0;;6;;
0;;0;;0;;0;;0;;5;;0;;0;;0;;0;;
0;;0;;0;;0;;0;;0;;4;;0;;0;;0;;
0;;0;;0;;0;;0;;0;;0;;3;;0;;0;;
0;;0;;0;;0;;0;;0;;0;;0;;2;;0;;
0;;0;;0;;0;;0;;0;;0;;0;;0;;1;;

e_delta_s1s2_3:2.94545
e_delta_s1s2_3_plan:
1;;2;;3;;3;;0;;0;;0;;0;;0;;0;;
0;;0;;0;;1;;5;;1;;2;;0;;0;;0;;
0;;0;;0;;0;;0;;0;;1;;5;;2;;0;;
0;;0;;0;;0;;0;;0;;0;;0;;5;;3;;
0;;0;;0;;0;;0;;0;;0;;0;;0;;6;;
0;;0;;0;;0;;0;;5;;0;;0;;0;;0;;
0;;0;;0;;0;;0;;0;;4;;0;;0;;0;;
0;;0;;0;;0;;0;;0;;0;;3;;0;;0;;
0;;0;;0;;0;;0;;0;;0;;0;;2;;0;;
0;;0;;0;;0;;0;;0;;0;;0;;0;;1;;

e_delta_s1s2_4:2.92727
e_delta_s1s2_4_plan:
1;;2;;3;;3;;0;;0;;0;;0;;0;;0;;
0;;0;;0;;1;;5;;1;;2;;0;;0;;0;;
0;;0;;0;;0;;0;;0;;1;;5;;2;;0;;
0;;0;;0;;0;;0;;0;;0;;0;;5;;2;;
0;;0;;0;;0;;0;;0;;0;;0;;0;;7;;
0;;0;;0;;0;;0;;5;;0;;0;;0;;0;;
0;;0;;0;;0;;0;;0;;4;;0;;0;;0;;
0;;0;;0;;0;;0;;0;;0;;3;;0;;0;;
0;;0;;0;;0;;0;;0;;0;;0;;2;;0;;
0;;0;;0;;0;;0;;0;;0;;0;;0;;1;;

e_delta_s1s2_5:2.90909
e_delta_s1s2_5_plan:
1;;2;;3;;3;;0;;0;;0;;0;;0;;0;;
0;;0;;0;;1;;5;;0;;3;;0;;0;;0;;
0;;0;;0;;0;;0;;0;;1;;5;;3;;0;;
0;;0;;0;;0;;0;;0;;0;;0;;4;;3;;
0;;0;;0;;0;;0;;0;;0;;0;;0;;6;;
0;;0;;0;;0;;0;;6;;0;;0;;0;;0;;
0;;0;;0;;0;;0;;0;;4;;0;;0;;0;;
0;;0;;0;;0;;0;;0;;0;;3;;0;;0;;
0;;0;;0;;0;;0;;0;;0;;0;;2;;0;;
0;;0;;0;;0;;0;;0;;0;;0;;0;;1;;

e_delta_s1s2_6:2.89091
e_delta_s1s2_6_plan:
1;;2;;3;;3;;0;;0;;0;;0;;0;;0;;
0;;0;;0;;1;;5;;1;;2;;0;;0;;0;;
0;;0;;0;;0;;0;;0;;1;;5;;3;;0;;
0;;0;;0;;0;;0;;0;;0;;0;;4;;3;;
0;;0;;0;;0;;0;;0;;0;;0;;0;;6;;
0;;0;;0;;0;;0;;5;;0;;0;;0;;0;;
0;;0;;0;;0;;0;;0;;5;;0;;0;;0;;
0;;0;;0;;0;;0;;0;;0;;3;;0;;0;;
0;;0;;0;;0;;0;;0;;0;;0;;2;;0;;
0;;0;;0;;0;;0;;0;;0;;0;;0;;1;;

e_delta_s1s2_7:2.87273
e_delta_s1s2_7_plan:
1;;2;;3;;3;;0;;0;;0;;0;;0;;0;;
0;;0;;0;;1;;5;;1;;2;;0;;0;;0;;
0;;0;;0;;0;;0;;0;;1;;4;;3;;0;;
0;;0;;0;;0;;0;;0;;0;;0;;4;;3;;
0;;0;;0;;0;;0;;0;;0;;0;;0;;6;;
0;;0;;0;;0;;0;;5;;0;;0;;0;;0;;
0;;0;;0;;0;;0;;0;;4;;0;;0;;0;;
0;;0;;0;;0;;0;;0;;0;;4;;0;;0;;
0;;0;;0;;0;;0;;0;;0;;0;;2;;0;;
0;;0;;0;;0;;0;;0;;0;;0;;0;;1;;

e_delta_s1s2_8:2.85455
e_delta_s1s2_8_plan:
1;;2;;3;;3;;0;;0;;0;;0;;0;;0;;
0;;0;;0;;1;;5;;1;;2;;0;;0;;0;;
0;;0;;0;;0;;0;;0;;1;;5;;2;;0;;
0;;0;;0;;0;;0;;0;;0;;0;;4;;3;;
0;;0;;0;;0;;0;;0;;0;;0;;0;;6;;
0;;0;;0;;0;;0;;5;;0;;0;;0;;0;;
0;;0;;0;;0;;0;;0;;4;;0;;0;;0;;
0;;0;;0;;0;;0;;0;;0;;3;;0;;0;;
0;;0;;0;;0;;0;;0;;0;;0;;3;;0;;
0;;0;;0;;0;;0;;0;;0;;0;;0;;1;;

e_delta_s1s2_9:2.83636
e_delta_s1s2_9_plan:
1;;2;;3;;3;;0;;0;;0;;0;;0;;0;;
0;;0;;0;;1;;5;;1;;2;;0;;0;;0;;
0;;0;;0;;0;;0;;0;;1;;5;;2;;0;;
0;;0;;0;;0;;0;;0;;0;;0;;5;;2;;
0;;0;;0;;0;;0;;0;;0;;0;;0;;6;;
0;;0;;0;;0;;0;;5;;0;;0;;0;;0;;
0;;0;;0;;0;;0;;0;;4;;0;;0;;0;;
0;;0;;0;;0;;0;;0;;0;;3;;0;;0;;
0;;0;;0;;0;;0;;0;;0;;0;;2;;0;;
0;;0;;0;;0;;0;;0;;0;;0;;0;;2;;

e_delta_s1s2_grad:
0;;-0.0181818;;-0.0363636;;-0.0545454;;-0.0727272;;-0.090909;;-0.109091;;-0.127273;;-0.145455;;-0.163636;;Supplys(in rows):
s0_10;;s1_9;;s2_8;;s3_7;;s4_6;;s5_5;;s6_4;;s7_3;;s8_2;;s9_1;;
Demands(in cols):
d0_1;;d1_2;;d2_3;;d3_4;;d4_5;;d5_6;;d6_7;;d7_8;;d8_9;;d9_1;;
unit cost matrex:
0;;1;;2;;3;;4;;5;;6;;7;;8;;9;;
1;;0;;1;;2;;3;;4;;5;;6;;7;;8;;
2;;1;;0;;1;;2;;3;;4;;5;;6;;7;;
3;;2;;1;;0;;1;;2;;3;;4;;5;;6;;
4;;3;;2;;1;;0;;1;;2;;3;;4;;5;;
5;;4;;3;;2;;1;;0;;1;;2;;3;;4;;
6;;5;;4;;3;;2;;1;;0;;1;;2;;3;;
7;;6;;5;;4;;3;;2;;1;;0;;1;;2;;
8;;7;;6;;5;;4;;3;;2;;1;;0;;1;;
9;;8;;7;;6;;5;;4;;3;;2;;1;;0;;
delta:1
emd_s1s2=1.82609
emd_s1s2_plan:
1;;0;;0;;0;;0;;0;;0;;0;;0;;0;;
0;;2;;3;;4;;0;;0;;0;;0;;0;;0;;
0;;0;;0;;0;;0;;0;;3;;5;;0;;0;;
0;;0;;0;;0;;0;;0;;0;;0;;7;;0;;
0;;0;;0;;0;;5;;1;;0;;0;;0;;0;;
0;;0;;0;;0;;0;;5;;0;;0;;0;;0;;
0;;0;;0;;0;;0;;0;;4;;0;;0;;0;;
0;;0;;0;;0;;0;;0;;0;;3;;0;;0;;
0;;0;;0;;0;;0;;0;;0;;0;;2;;0;;
0;;0;;0;;0;;0;;0;;0;;0;;0;;1;;

Supplys(in rows):
s0_10;;s1_9;;s2_8;;s3_7;;s4_6;;s5_5;;s6_4;;s7_3;;s8_2;;s9_1;;
Demands(in cols):
d0_1;;d1_2;;d2_3;;d3_4;;d4_5;;d5_6;;d6_7;;d7_8;;d8_9;;d9_1;;
unit cost matrex:
0;;1;;2;;3;;4;;5;;6;;7;;8;;9;;
1;;0;;1;;2;;3;;4;;5;;6;;7;;8;;
2;;1;;0;;1;;2;;3;;4;;5;;6;;7;;
3;;2;;1;;0;;1;;2;;3;;4;;5;;6;;
4;;3;;2;;1;;0;;1;;2;;3;;4;;5;;
5;;4;;3;;2;;1;;0;;1;;2;;3;;4;;
6;;5;;4;;3;;2;;1;;0;;1;;2;;3;;
7;;6;;5;;4;;3;;2;;1;;0;;1;;2;;
8;;7;;6;;5;;4;;3;;2;;1;;0;;1;;
9;;8;;7;;6;;5;;4;;3;;2;;1;;0;;
delta:1
emd_s1s2=1.82609
emd_s1s2_plan:
1;;0;;0;;0;;0;;0;;0;;0;;0;;0;;
0;;2;;3;;4;;0;;0;;0;;0;;0;;0;;
0;;0;;0;;0;;0;;0;;3;;5;;0;;0;;
0;;0;;0;;0;;0;;0;;0;;0;;7;;0;;
0;;0;;0;;0;;5;;1;;0;;0;;0;;0;;
0;;0;;0;;0;;0;;5;;0;;0;;0;;0;;
0;;0;;0;;0;;0;;0;;4;;0;;0;;0;;
0;;0;;0;;0;;0;;0;;0;;3;;0;;0;;
0;;0;;0;;0;;0;;0;;0;;0;;2;;0;;
0;;0;;0;;0;;0;;0;;0;;0;;0;;1;;

Supplys(in rows):
s0_10;;s1_9;;s2_8;;s3_7;;s4_6;;s5_5;;s6_4;;s7_3;;s8_2;;s9_1;;
Demands(in cols):
d0_2;;d1_3;;d2_4;;d3_5;;d4_6;;d5_7;;d6_8;;d7_9;;d8_10;;d9_1;;
unit cost matrex:
0;;1;;2;;3;;4;;5;;6;;7;;8;;9;;
1;;0;;1;;2;;3;;4;;5;;6;;7;;8;;
2;;1;;0;;1;;2;;3;;4;;5;;6;;7;;
3;;2;;1;;0;;1;;2;;3;;4;;5;;6;;
4;;3;;2;;1;;0;;1;;2;;3;;4;;5;;
5;;4;;3;;2;;1;;0;;1;;2;;3;;4;;
6;;5;;4;;3;;2;;1;;0;;1;;2;;3;;
7;;6;;5;;4;;3;;2;;1;;0;;1;;2;;
8;;7;;6;;5;;4;;3;;2;;1;;0;;1;;
9;;8;;7;;6;;5;;4;;3;;2;;1;;0;;
delta:1
emd_s1s2=2.18182
emd_s1s2_plan:
2;;3;;4;;1;;0;;0;;0;;0;;0;;0;;
0;;0;;0;;4;;5;;0;;0;;0;;0;;0;;
0;;0;;0;;0;;1;;2;;4;;1;;0;;0;;
0;;0;;0;;0;;0;;0;;0;;5;;2;;0;;
0;;0;;0;;0;;0;;0;;0;;0;;6;;0;;
0;;0;;0;;0;;0;;5;;0;;0;;0;;0;;
0;;0;;0;;0;;0;;0;;4;;0;;0;;0;;
0;;0;;0;;0;;0;;0;;0;;3;;0;;0;;
0;;0;;0;;0;;0;;0;;0;;0;;2;;0;;
0;;0;;0;;0;;0;;0;;0;;0;;0;;1;;

Supplys(in rows):
s0_10;;s1_9;;s2_8;;s3_7;;s4_6;;s5_5;;s6_4;;s7_3;;s8_2;;s9_1;;
Demands(in cols):
d0_2;;d1_3;;d2_4;;d3_5;;d4_6;;d5_7;;d6_8;;d7_9;;d8_10;;d9_1;;
unit cost matrex:
0;;1;;2;;3;;4;;5;;6;;7;;8;;9;;
1;;0;;1;;2;;3;;4;;5;;6;;7;;8;;
2;;1;;0;;1;;2;;3;;4;;5;;6;;7;;
3;;2;;1;;0;;1;;2;;3;;4;;5;;6;;
4;;3;;2;;1;;0;;1;;2;;3;;4;;5;;
5;;4;;3;;2;;1;;0;;1;;2;;3;;4;;
6;;5;;4;;3;;2;;1;;0;;1;;2;;3;;
7;;6;;5;;4;;3;;2;;1;;0;;1;;2;;
8;;7;;6;;5;;4;;3;;2;;1;;0;;1;;
9;;8;;7;;6;;5;;4;;3;;2;;1;;0;;
delta:1
emd_s1s2=2.18182
emd_s1s2_plan:
2;;3;;4;;1;;0;;0;;0;;0;;0;;0;;
0;;0;;0;;4;;5;;0;;0;;0;;0;;0;;
0;;0;;0;;0;;1;;2;;4;;1;;0;;0;;
0;;0;;0;;0;;0;;0;;0;;5;;2;;0;;
0;;0;;0;;0;;0;;0;;0;;0;;6;;0;;
0;;0;;0;;0;;0;;5;;0;;0;;0;;0;;
0;;0;;0;;0;;0;;0;;4;;0;;0;;0;;
0;;0;;0;;0;;0;;0;;0;;3;;0;;0;;
0;;0;;0;;0;;0;;0;;0;;0;;2;;0;;
0;;0;;0;;0;;0;;0;;0;;0;;0;;1;;

Supplys(in rows):
s0_10;;s1_9;;s2_8;;s3_7;;s4_6;;s5_5;;s6_4;;s7_3;;s8_2;;s9_1;;
Demands(in cols):
d0_2;;d1_3;;d2_4;;d3_5;;d4_6;;d5_7;;d6_8;;d7_9;;d8_10;;d9_1;;
unit cost matrex:
0;;1;;2;;3;;4;;5;;6;;7;;8;;9;;
1;;0;;1;;2;;3;;4;;5;;6;;7;;8;;
2;;1;;0;;1;;2;;3;;4;;5;;6;;7;;
3;;2;;1;;0;;1;;2;;3;;4;;5;;6;;
4;;3;;2;;1;;0;;1;;2;;3;;4;;5;;
5;;4;;3;;2;;1;;0;;1;;2;;3;;4;;
6;;5;;4;;3;;2;;1;;0;;1;;2;;3;;
7;;6;;5;;4;;3;;2;;1;;0;;1;;2;;
8;;7;;6;;5;;4;;3;;2;;1;;0;;1;;
9;;8;;7;;6;;5;;4;;3;;2;;1;;0;;
delta:1
emd_s1s2=2.18182
emd_s1s2_plan:
2;;3;;4;;1;;0;;0;;0;;0;;0;;0;;
0;;0;;0;;4;;5;;0;;0;;0;;0;;0;;
0;;0;;0;;0;;1;;2;;4;;1;;0;;0;;
0;;0;;0;;0;;0;;0;;0;;5;;2;;0;;
0;;0;;0;;0;;0;;0;;0;;0;;6;;0;;
0;;0;;0;;0;;0;;5;;0;;0;;0;;0;;
0;;0;;0;;0;;0;;0;;4;;0;;0;;0;;
0;;0;;0;;0;;0;;0;;0;;3;;0;;0;;
0;;0;;0;;0;;0;;0;;0;;0;;2;;0;;
0;;0;;0;;0;;0;;0;;0;;0;;0;;1;;

Supplys(in rows):
s0_10;;s1_9;;s2_8;;s3_7;;s4_6;;s5_5;;s6_4;;s7_3;;s8_2;;s9_1;;
Demands(in cols):
d0_2;;d1_3;;d2_4;;d3_5;;d4_6;;d5_7;;d6_8;;d7_9;;d8_10;;d9_1;;
unit cost matrex:
0;;1;;2;;3;;4;;5;;6;;7;;8;;9;;
1;;0;;1;;2;;3;;4;;5;;6;;7;;8;;
2;;1;;0;;1;;2;;3;;4;;5;;6;;7;;
3;;2;;1;;0;;1;;2;;3;;4;;5;;6;;
4;;3;;2;;1;;0;;1;;2;;3;;4;;5;;
5;;4;;3;;2;;1;;0;;1;;2;;3;;4;;
6;;5;;4;;3;;2;;1;;0;;1;;2;;3;;
7;;6;;5;;4;;3;;2;;1;;0;;1;;2;;
8;;7;;6;;5;;4;;3;;2;;1;;0;;1;;
9;;8;;7;;6;;5;;4;;3;;2;;1;;0;;
delta:1
emd_s1s2=2.18182
emd_s1s2_plan:
2;;3;;4;;1;;0;;0;;0;;0;;0;;0;;
3;;0;;0;;4;;5;;0;;0;;0;;0;;0;;
4;;0;;0;;0;;1;;2;;4;;1;;0;;0;;
1;;4;;0;;0;;0;;0;;0;;5;;2;;0;;
0;;5;;1;;0;;0;;0;;0;;0;;6;;0;;
0;;0;;2;;0;;0;;5;;0;;0;;0;;0;;
0;;0;;4;;0;;0;;0;;4;;0;;0;;0;;
0;;0;;1;;5;;0;;0;;0;;3;;0;;0;;
0;;0;;0;;2;;6;;0;;0;;0;;2;;0;;
0;;0;;0;;0;;0;;0;;0;;0;;0;;1;;

Supplys(in rows):
s0_10;;s1_9;;s2_8;;s3_7;;s4_6;;s5_5;;s6_4;;s7_3;;s8_2;;s9_1;;
Demands(in cols):
d0_2;;d1_3;;d2_4;;d3_5;;d4_6;;d5_7;;d6_8;;d7_9;;d8_10;;d9_1;;
unit cost matrex:
0;;1;;2;;3;;4;;5;;6;;7;;8;;9;;
1;;0;;1;;2;;3;;4;;5;;6;;7;;8;;
2;;1;;0;;1;;2;;3;;4;;5;;6;;7;;
3;;2;;1;;0;;1;;2;;3;;4;;5;;6;;
4;;3;;2;;1;;0;;1;;2;;3;;4;;5;;
5;;4;;3;;2;;1;;0;;1;;2;;3;;4;;
6;;5;;4;;3;;2;;1;;0;;1;;2;;3;;
7;;6;;5;;4;;3;;2;;1;;0;;1;;2;;
8;;7;;6;;5;;4;;3;;2;;1;;0;;1;;
9;;8;;7;;6;;5;;4;;3;;2;;1;;0;;
delta:1
emd_s1s2=2.18182
emd_s1s2_plan:
2;;3;;4;;1;;0;;0;;0;;0;;0;;0;;
3;;0;;0;;4;;5;;0;;0;;0;;0;;0;;
4;;0;;0;;0;;1;;2;;4;;1;;0;;0;;
1;;4;;0;;0;;0;;0;;0;;5;;2;;0;;
0;;5;;1;;0;;0;;0;;0;;0;;6;;0;;
0;;0;;2;;0;;0;;5;;0;;0;;0;;0;;
0;;0;;4;;0;;0;;0;;4;;0;;0;;0;;
0;;0;;1;;5;;0;;0;;0;;3;;0;;0;;
0;;0;;0;;2;;6;;0;;0;;0;;2;;0;;
0;;0;;0;;0;;0;;0;;0;;0;;0;;1;;

Supplys(in rows):
s0_10;;s1_9;;s2_8;;s3_7;;s4_6;;s5_5;;s6_4;;s7_3;;s8_2;;s9_1;;
Demands(in cols):
d0_2;;d1_3;;d2_4;;d3_5;;d4_6;;d5_7;;d6_8;;d7_8;;d8_10;;d9_2;;
unit cost matrex:
0;;1;;2;;3;;4;;5;;6;;7;;8;;9;;
1;;0;;1;;2;;3;;4;;5;;6;;7;;8;;
2;;1;;0;;1;;2;;3;;4;;5;;6;;7;;
3;;2;;1;;0;;1;;2;;3;;4;;5;;6;;
4;;3;;2;;1;;0;;1;;2;;3;;4;;5;;
5;;4;;3;;2;;1;;0;;1;;2;;3;;4;;
6;;5;;4;;3;;2;;1;;0;;1;;2;;3;;
7;;6;;5;;4;;3;;2;;1;;0;;1;;2;;
8;;7;;6;;5;;4;;3;;2;;1;;0;;1;;
9;;8;;7;;6;;5;;4;;3;;2;;1;;0;;
delta:1
emd_s1s2=2.21818
emd_s1s2_plan:
2;;3;;4;;1;;0;;0;;0;;0;;0;;0;;
3;;0;;0;;4;;5;;0;;0;;0;;0;;0;;
4;;0;;0;;0;;1;;2;;4;;1;;0;;0;;
1;;4;;0;;0;;0;;0;;0;;4;;3;;0;;
0;;5;;1;;0;;0;;0;;0;;0;;5;;1;;
0;;0;;2;;0;;0;;5;;0;;0;;0;;0;;
0;;0;;4;;0;;0;;0;;4;;0;;0;;0;;
0;;0;;1;;4;;0;;0;;0;;3;;0;;0;;
0;;0;;0;;3;;5;;0;;0;;0;;2;;0;;
0;;0;;0;;0;;1;;0;;0;;0;;0;;1;;

Supplys(in rows):
s0_10;;s1_9;;s2_8;;s3_7;;s4_6;;s5_5;;s6_4;;s7_3;;s8_2;;s9_1;;
Demands(in cols):
d0_2;;d1_3;;d2_4;;d3_5;;d4_6;;d5_7;;d6_8;;d7_8;;d8_10;;d9_2;;
unit cost matrex:
0;;1;;2;;3;;4;;5;;6;;7;;8;;9;;
1;;0;;1;;2;;3;;4;;5;;6;;7;;8;;
2;;1;;0;;1;;2;;3;;4;;5;;6;;7;;
3;;2;;1;;0;;1;;2;;3;;4;;5;;6;;
4;;3;;2;;1;;0;;1;;2;;3;;4;;5;;
5;;4;;3;;2;;1;;0;;1;;2;;3;;4;;
6;;5;;4;;3;;2;;1;;0;;1;;2;;3;;
7;;6;;5;;4;;3;;2;;1;;0;;1;;2;;
8;;7;;6;;5;;4;;3;;2;;1;;0;;1;;
9;;8;;7;;6;;5;;4;;3;;2;;1;;0;;
delta:1
emd_s1s2=2.21818
emd_s1s2_plan:
2;;3;;4;;1;;0;;0;;0;;0;;0;;0;;
3;;0;;0;;4;;5;;0;;0;;0;;0;;0;;
4;;0;;0;;0;;1;;2;;4;;1;;0;;0;;
1;;4;;0;;0;;0;;0;;0;;4;;3;;0;;
0;;5;;1;;0;;0;;0;;0;;0;;5;;1;;
0;;0;;2;;0;;0;;5;;0;;0;;0;;0;;
0;;0;;4;;0;;0;;0;;4;;0;;0;;0;;
0;;0;;1;;4;;0;;0;;0;;3;;0;;0;;
0;;0;;0;;3;;5;;0;;0;;0;;2;;0;;
0;;0;;0;;0;;1;;0;;0;;0;;0;;1;;

Supplys(in rows):
s0_10;;s1_9;;s2_8;;s3_7;;s4_6;;s5_5;;s6_4;;s7_3;;s8_2;;s9_1;;
Demands(in cols):
d0_2;;d1_3;;d2_4;;d3_5;;d4_6;;d5_7;;d6_8;;d7_8;;d8_10;;d9_2;;
unit cost matrex:
0;;1;;2;;3;;4;;5;;6;;7;;8;;9;;
1;;0;;1;;2;;3;;4;;5;;6;;7;;8;;
2;;1;;0;;1;;2;;3;;4;;5;;6;;7;;
3;;2;;1;;0;;1;;2;;3;;4;;5;;6;;
4;;3;;2;;1;;0;;1;;2;;3;;4;;5;;
5;;4;;3;;2;;1;;0;;1;;2;;3;;4;;
6;;5;;4;;3;;2;;1;;0;;1;;2;;3;;
7;;6;;5;;4;;3;;2;;1;;0;;1;;2;;
8;;7;;6;;5;;4;;3;;2;;1;;0;;1;;
9;;8;;7;;6;;5;;4;;3;;2;;1;;0;;
delta:1
emd_s1s2=2.21818
emd_s1s2_plan:
2;;3;;4;;1;;0;;0;;0;;0;;0;;0;;
3;;0;;0;;4;;5;;0;;0;;0;;0;;0;;
4;;0;;0;;0;;1;;2;;4;;1;;0;;0;;
1;;4;;0;;0;;0;;0;;0;;4;;3;;0;;
0;;5;;1;;0;;0;;0;;0;;0;;5;;1;;
0;;0;;2;;0;;0;;5;;0;;0;;0;;0;;
0;;0;;4;;0;;0;;0;;4;;0;;0;;0;;
0;;0;;1;;4;;0;;0;;0;;3;;0;;0;;
0;;0;;0;;3;;5;;0;;0;;0;;2;;0;;
0;;0;;0;;0;;1;;0;;0;;0;;0;;1;;

Supplys(in rows):
s0_10;;s1_9;;s2_8;;s3_7;;s4_6;;s5_5;;s6_4;;s7_3;;s8_2;;s9_1;;
Demands(in cols):
d0_2;;d1_3;;d2_4;;d3_5;;d4_6;;d5_7;;d6_8;;d7_8;;d8_10;;d9_2;;
unit cost matrex:
0;;1;;2;;3;;4;;5;;6;;7;;8;;9;;
1;;0;;1;;2;;3;;4;;5;;6;;7;;8;;
2;;1;;0;;1;;2;;3;;4;;5;;6;;7;;
3;;2;;1;;0;;1;;2;;3;;4;;5;;6;;
4;;3;;2;;1;;0;;1;;2;;3;;4;;5;;
5;;4;;3;;2;;1;;0;;1;;2;;3;;4;;
6;;5;;4;;3;;2;;1;;0;;1;;2;;3;;
7;;6;;5;;4;;3;;2;;1;;0;;1;;2;;
8;;7;;6;;5;;4;;3;;2;;1;;0;;1;;
9;;8;;7;;6;;5;;4;;3;;2;;1;;0;;
delta:1
emd_s1s2=2.21818
emd_s1s2_plan:
2;;3;;4;;1;;0;;0;;0;;0;;0;;0;;
3;;0;;0;;4;;5;;0;;0;;0;;0;;0;;
4;;0;;0;;0;;1;;2;;4;;1;;0;;0;;
1;;4;;0;;0;;0;;0;;0;;4;;3;;0;;
0;;5;;1;;0;;0;;0;;0;;0;;5;;1;;
0;;0;;2;;0;;0;;5;;0;;0;;0;;0;;
0;;0;;4;;0;;0;;0;;4;;0;;0;;0;;
0;;0;;1;;4;;0;;0;;0;;3;;0;;0;;
0;;0;;0;;3;;5;;0;;0;;0;;2;;0;;
0;;0;;0;;0;;1;;0;;0;;0;;0;;1;;

Supplys(in rows):
s0_10;;s1_9;;s2_8;;s3_7;;s4_6;;s5_5;;s6_4;;s7_3;;s8_2;;s9_1;;
Demands(in cols):
d0_2;;d1_3;;d2_4;;d3_5;;d4_6;;d5_7;;d6_8;;d7_8;;d8_10;;d9_2;;
unit cost matrex:
0;;1;;2;;3;;4;;5;;6;;7;;8;;9;;
1;;0;;1;;2;;3;;4;;5;;6;;7;;8;;
2;;1;;0;;1;;2;;3;;4;;5;;6;;7;;
3;;2;;1;;0;;1;;2;;3;;4;;5;;6;;
4;;3;;2;;1;;0;;1;;2;;3;;4;;5;;
5;;4;;3;;2;;1;;0;;1;;2;;3;;4;;
6;;5;;4;;3;;2;;1;;0;;1;;2;;3;;
7;;6;;5;;4;;3;;2;;1;;0;;1;;2;;
8;;7;;6;;5;;4;;3;;2;;1;;0;;1;;
9;;8;;7;;6;;5;;4;;3;;2;;1;;0;;
delta:1
emd_s1s2=2.21818
emd_s1s2_plan:
2;;3;;4;;1;;0;;0;;0;;0;;0;;0;;
3;;0;;0;;4;;5;;0;;0;;0;;0;;0;;
4;;0;;0;;0;;1;;2;;4;;1;;0;;0;;
1;;4;;0;;0;;0;;0;;0;;4;;3;;0;;
0;;5;;1;;0;;0;;0;;0;;0;;5;;1;;
0;;0;;2;;0;;0;;5;;0;;0;;0;;0;;
0;;0;;4;;0;;0;;0;;4;;0;;0;;0;;
0;;0;;1;;4;;0;;0;;0;;3;;0;;0;;
0;;0;;0;;3;;5;;0;;0;;0;;2;;0;;
0;;0;;0;;0;;1;;0;;0;;0;;0;;1;;

Supplys(in rows):
s0_10;;s1_9;;s2_8;;s3_7;;s4_6;;s5_5;;s6_4;;s7_3;;s8_2;;s9_1;;
Demands(in cols):
d0_2;;d1_3;;d2_4;;d3_5;;d4_6;;d5_7;;d6_8;;d7_8;;d8_10;;d9_2;;
unit cost matrex:
0;;1;;2;;3;;4;;5;;6;;7;;8;;9;;
1;;0;;1;;2;;3;;4;;5;;6;;7;;8;;
2;;1;;0;;1;;2;;3;;4;;5;;6;;7;;
3;;2;;1;;0;;1;;2;;3;;4;;5;;6;;
4;;3;;2;;1;;0;;1;;2;;3;;4;;5;;
5;;4;;3;;2;;1;;0;;1;;2;;3;;4;;
6;;5;;4;;3;;2;;1;;0;;1;;2;;3;;
7;;6;;5;;4;;3;;2;;1;;0;;1;;2;;
8;;7;;6;;5;;4;;3;;2;;1;;0;;1;;
9;;8;;7;;6;;5;;4;;3;;2;;1;;0;;
delta:1
emd_s1s2=2.21818
emd_s1s2_plan:
2;;3;;4;;1;;0;;0;;0;;0;;0;;0;;
3;;0;;0;;4;;5;;0;;0;;0;;0;;0;;
4;;0;;0;;0;;1;;2;;4;;1;;0;;0;;
1;;4;;0;;0;;0;;0;;0;;4;;3;;0;;
0;;5;;1;;0;;0;;0;;0;;0;;5;;1;;
0;;0;;2;;0;;0;;5;;0;;0;;0;;0;;
0;;0;;4;;0;;0;;0;;4;;0;;0;;0;;
0;;0;;1;;4;;0;;0;;0;;3;;0;;0;;
0;;0;;0;;3;;5;;0;;0;;0;;2;;0;;
0;;0;;0;;0;;1;;0;;0;;0;;0;;1;;

Supplys(in rows):
s0_10;;s1_9;;s2_8;;s3_7;;s4_6;;s5_5;;s6_4;;s7_3;;s8_2;;s9_1;;
Demands(in cols):
d0_2;;d1_3;;d2_4;;d3_5;;d4_6;;d5_7;;d6_8;;d7_8;;d8_10;;d9_2;;
unit cost matrex:
0;;1;;2;;3;;4;;5;;6;;7;;8;;9;;
1;;0;;1;;2;;3;;4;;5;;6;;7;;8;;
2;;1;;0;;1;;2;;3;;4;;5;;6;;7;;
3;;2;;1;;0;;1;;2;;3;;4;;5;;6;;
4;;3;;2;;1;;0;;1;;2;;3;;4;;5;;
5;;4;;3;;2;;1;;0;;1;;2;;3;;4;;
6;;5;;4;;3;;2;;1;;0;;1;;2;;3;;
7;;6;;5;;4;;3;;2;;1;;0;;1;;2;;
8;;7;;6;;5;;4;;3;;2;;1;;0;;1;;
9;;8;;7;;6;;5;;4;;3;;2;;1;;0;;
delta:1
emd_s1s2=2.21818
emd_s1s2_plan:
2;;3;;4;;1;;0;;0;;0;;0;;0;;0;;
3;;0;;0;;4;;5;;0;;0;;0;;0;;0;;
4;;0;;0;;0;;1;;2;;4;;1;;0;;0;;
1;;4;;0;;0;;0;;0;;0;;4;;3;;0;;
0;;5;;1;;0;;0;;0;;0;;0;;5;;1;;
0;;0;;2;;0;;0;;5;;0;;0;;0;;0;;
0;;0;;4;;0;;0;;0;;4;;0;;0;;0;;
0;;0;;1;;4;;0;;0;;0;;3;;0;;0;;
0;;0;;0;;3;;5;;0;;0;;0;;2;;0;;
0;;0;;0;;0;;1;;0;;0;;0;;0;;1;;

Supplys(in rows):
s0_10;;s1_9;;s2_8;;s3_7;;s4_6;;s5_5;;s6_4;;s7_3;;s8_2;;s9_1;;
Demands(in cols):
d0_2;;d1_3;;d2_4;;d3_5;;d4_6;;d5_7;;d6_8;;d7_8;;d8_10;;d9_2;;
unit cost matrex:
0;;1;;2;;3;;4;;5;;6;;7;;8;;9;;
1;;0;;1;;2;;3;;4;;5;;6;;7;;8;;
2;;1;;0;;1;;2;;3;;4;;5;;6;;7;;
3;;2;;1;;0;;1;;2;;3;;4;;5;;6;;
4;;3;;2;;1;;0;;1;;2;;3;;4;;5;;
5;;4;;3;;2;;1;;0;;1;;2;;3;;4;;
6;;5;;4;;3;;2;;1;;0;;1;;2;;3;;
7;;6;;5;;4;;3;;2;;1;;0;;1;;2;;
8;;7;;6;;5;;4;;3;;2;;1;;0;;1;;
9;;8;;7;;6;;5;;4;;3;;2;;1;;0;;
delta:1
emd_s1s2=2.21818
emd_s1s2_plan:
2;;3;;4;;1;;0;;0;;0;;0;;0;;0;;
3;;0;;0;;4;;5;;0;;0;;0;;0;;0;;
4;;0;;0;;0;;1;;2;;4;;1;;0;;0;;
1;;4;;0;;0;;0;;0;;0;;4;;3;;0;;
0;;5;;1;;0;;0;;0;;0;;0;;5;;1;;
0;;0;;2;;0;;0;;5;;0;;0;;0;;0;;
0;;0;;4;;0;;0;;0;;4;;0;;0;;0;;
0;;0;;1;;4;;0;;0;;0;;3;;0;;0;;
0;;0;;0;;3;;5;;0;;0;;0;;2;;0;;
0;;0;;0;;0;;1;;0;;0;;0;;0;;1;;

Supplys(in rows):
s0_10;;s1_9;;s2_8;;s3_7;;s4_6;;s5_5;;s6_4;;s7_3;;s8_2;;s9_1;;
Demands(in cols):
d0_2;;d1_3;;d2_4;;d3_5;;d4_6;;d5_7;;d6_8;;d7_8;;d8_10;;d9_2;;
unit cost matrex:
0;;1;;2;;3;;4;;5;;6;;7;;8;;9;;
1;;0;;1;;2;;3;;4;;5;;6;;7;;8;;
2;;1;;0;;1;;2;;3;;4;;5;;6;;7;;
3;;2;;1;;0;;1;;2;;3;;4;;5;;6;;
4;;3;;2;;1;;0;;1;;2;;3;;4;;5;;
5;;4;;3;;2;;1;;0;;1;;2;;3;;4;;
6;;5;;4;;3;;2;;1;;0;;1;;2;;3;;
7;;6;;5;;4;;3;;2;;1;;0;;1;;2;;
8;;7;;6;;5;;4;;3;;2;;1;;0;;1;;
9;;8;;7;;6;;5;;4;;3;;2;;1;;0;;
delta:1
emd_s1s2=2.21818
emd_s1s2_plan:
2;;3;;4;;1;;0;;0;;0;;0;;0;;0;;
3;;0;;0;;4;;5;;0;;0;;0;;0;;0;;
4;;0;;0;;0;;1;;2;;4;;1;;0;;0;;
1;;4;;0;;0;;0;;0;;0;;4;;3;;0;;
0;;5;;1;;0;;0;;0;;0;;0;;5;;1;;
0;;0;;2;;0;;0;;5;;0;;0;;0;;0;;
0;;0;;4;;0;;0;;0;;4;;0;;0;;0;;
0;;0;;1;;4;;0;;0;;0;;3;;0;;0;;
0;;0;;0;;3;;5;;0;;0;;0;;2;;0;;
0;;0;;0;;0;;1;;0;;0;;0;;0;;1;;

Supplys(in rows):
s0_10;;s1_9;;s2_8;;s3_7;;s4_6;;s5_5;;s6_4;;s7_3;;s8_2;;s9_1;;
Demands(in cols):
d0_2;;d1_3;;d2_4;;d3_5;;d4_6;;d5_7;;d6_8;;d7_8;;d8_10;;d9_2;;
unit cost matrex:
0;;1;;2;;3;;4;;5;;6;;7;;8;;9;;
1;;0;;1;;2;;3;;4;;5;;6;;7;;8;;
2;;1;;0;;1;;2;;3;;4;;5;;6;;7;;
3;;2;;1;;0;;1;;2;;3;;4;;5;;6;;
4;;3;;2;;1;;0;;1;;2;;3;;4;;5;;
5;;4;;3;;2;;1;;0;;1;;2;;3;;4;;
6;;5;;4;;3;;2;;1;;0;;1;;2;;3;;
7;;6;;5;;4;;3;;2;;1;;0;;1;;2;;
8;;7;;6;;5;;4;;3;;2;;1;;0;;1;;
9;;8;;7;;6;;5;;4;;3;;2;;1;;0;;
delta:1
emd_s1s2=2.21818
emd_s1s2_plan:
2;;3;;4;;1;;0;;0;;0;;0;;0;;0;;
3;;0;;0;;4;;5;;0;;0;;0;;0;;0;;
4;;0;;0;;0;;1;;2;;4;;1;;0;;0;;
1;;4;;0;;0;;0;;0;;0;;4;;3;;0;;
0;;5;;1;;0;;0;;0;;0;;0;;5;;1;;
0;;0;;2;;0;;0;;5;;0;;0;;0;;0;;
0;;0;;4;;0;;0;;0;;4;;0;;0;;0;;
0;;0;;1;;4;;0;;0;;0;;3;;0;;0;;
0;;0;;0;;3;;5;;0;;0;;0;;2;;0;;
0;;0;;0;;0;;1;;0;;0;;0;;0;;1;;

Supplys(in rows):
s0_10;;s1_9;;s2_8;;s3_7;;s4_6;;s5_5;;s6_4;;s7_3;;s8_2;;s9_1;;
Demands(in cols):
d0_2;;d1_3;;d2_4;;d3_5;;d4_6;;d5_7;;d6_8;;d7_8;;d8_10;;d9_2;;
unit cost matrex:
0;;1;;2;;3;;4;;5;;6;;7;;8;;9;;
1;;0;;1;;2;;3;;4;;5;;6;;7;;8;;
2;;1;;0;;1;;2;;3;;4;;5;;6;;7;;
3;;2;;1;;0;;1;;2;;3;;4;;5;;6;;
4;;3;;2;;1;;0;;1;;2;;3;;4;;5;;
5;;4;;3;;2;;1;;0;;1;;2;;3;;4;;
6;;5;;4;;3;;2;;1;;0;;1;;2;;3;;
7;;6;;5;;4;;3;;2;;1;;0;;1;;2;;
8;;7;;6;;5;;4;;3;;2;;1;;0;;1;;
9;;8;;7;;6;;5;;4;;3;;2;;1;;0;;
delta:1
Supplys(in rows):
s0_10;;s1_9;;s2_8;;s3_7;;s4_6;;s5_5;;s6_4;;s7_3;;s8_2;;s9_1;;
Demands(in cols):
d0_2;;d1_3;;d2_4;;d3_5;;d4_6;;d5_7;;d6_8;;d7_8;;d8_10;;d9_2;;
unit cost matrex:
0;;1;;2;;3;;4;;5;;6;;7;;8;;9;;
1;;0;;1;;2;;3;;4;;5;;6;;7;;8;;
2;;1;;0;;1;;2;;3;;4;;5;;6;;7;;
3;;2;;1;;0;;1;;2;;3;;4;;5;;6;;
4;;3;;2;;1;;0;;1;;2;;3;;4;;5;;
5;;4;;3;;2;;1;;0;;1;;2;;3;;4;;
6;;5;;4;;3;;2;;1;;0;;1;;2;;3;;
7;;6;;5;;4;;3;;2;;1;;0;;1;;2;;
8;;7;;6;;5;;4;;3;;2;;1;;0;;1;;
9;;8;;7;;6;;5;;4;;3;;2;;1;;0;;
delta:1
Supplys(in rows):
s0_10;;s1_9;;s2_8;;s3_7;;s4_6;;s5_5;;s6_4;;s7_3;;s8_2;;s9_1;;
Demands(in cols):
d0_2;;d1_3;;d2_4;;d3_5;;d4_6;;d5_7;;d6_8;;d7_8;;d8_10;;d9_2;;
unit cost matrex:
0;;1;;2;;3;;4;;5;;6;;7;;8;;9;;
1;;0;;1;;2;;3;;4;;5;;6;;7;;8;;
2;;1;;0;;1;;2;;3;;4;;5;;6;;7;;
3;;2;;1;;0;;1;;2;;3;;4;;5;;6;;
4;;3;;2;;1;;0;;1;;2;;3;;4;;5;;
5;;4;;3;;2;;1;;0;;1;;2;;3;;4;;
6;;5;;4;;3;;2;;1;;0;;1;;2;;3;;
7;;6;;5;;4;;3;;2;;1;;0;;1;;2;;
8;;7;;6;;5;;4;;3;;2;;1;;0;;1;;
9;;8;;7;;6;;5;;4;;3;;2;;1;;0;;
delta:1
Supplys(in rows):
s0_10;;s1_9;;s2_8;;s3_7;;s4_6;;s5_5;;s6_4;;s7_3;;s8_2;;s9_1;;
Demands(in cols):
d0_2;;d1_3;;d2_4;;d3_5;;d4_6;;d5_7;;d6_8;;d7_8;;d8_10;;d9_2;;
unit cost matrex:
0;;1;;2;;3;;4;;5;;6;;7;;8;;9;;
1;;0;;1;;2;;3;;4;;5;;6;;7;;8;;
2;;1;;0;;1;;2;;3;;4;;5;;6;;7;;
3;;2;;1;;0;;1;;2;;3;;4;;5;;6;;
4;;3;;2;;1;;0;;1;;2;;3;;4;;5;;
5;;4;;3;;2;;1;;0;;1;;2;;3;;4;;
6;;5;;4;;3;;2;;1;;0;;1;;2;;3;;
7;;6;;5;;4;;3;;2;;1;;0;;1;;2;;
8;;7;;6;;5;;4;;3;;2;;1;;0;;1;;
9;;8;;7;;6;;5;;4;;3;;2;;1;;0;;
delta:1
Supplys(in rows):
s0_10;;s1_9;;s2_8;;s3_7;;s4_6;;s5_5;;s6_4;;s7_3;;s8_2;;s9_1;;
Demands(in cols):
d0_2;;d1_3;;d2_4;;d3_5;;d4_6;;d5_7;;d6_8;;d7_8;;d8_10;;d9_2;;
unit cost matrex:
0;;1;;2;;3;;4;;5;;6;;7;;8;;9;;
1;;0;;1;;2;;3;;4;;5;;6;;7;;8;;
2;;1;;0;;1;;2;;3;;4;;5;;6;;7;;
3;;2;;1;;0;;1;;2;;3;;4;;5;;6;;
4;;3;;2;;1;;0;;1;;2;;3;;4;;5;;
5;;4;;3;;2;;1;;0;;1;;2;;3;;4;;
6;;5;;4;;3;;2;;1;;0;;1;;2;;3;;
7;;6;;5;;4;;3;;2;;1;;0;;1;;2;;
8;;7;;6;;5;;4;;3;;2;;1;;0;;1;;
9;;8;;7;;6;;5;;4;;3;;2;;1;;0;;
delta:1
Supplys(in rows):
s0_10;;s1_9;;s2_8;;s3_7;;s4_6;;s5_5;;s6_4;;s7_3;;s8_2;;s9_1;;
Demands(in cols):
d0_2;;d1_3;;d2_4;;d3_5;;d4_6;;d5_7;;d6_8;;d7_8;;d8_10;;d9_2;;
unit cost matrex:
0;;1;;2;;3;;4;;5;;6;;7;;8;;9;;
1;;0;;1;;2;;3;;4;;5;;6;;7;;8;;
2;;1;;0;;1;;2;;3;;4;;5;;6;;7;;
3;;2;;1;;0;;1;;2;;3;;4;;5;;6;;
4;;3;;2;;1;;0;;1;;2;;3;;4;;5;;
5;;4;;3;;2;;1;;0;;1;;2;;3;;4;;
6;;5;;4;;3;;2;;1;;0;;1;;2;;3;;
7;;6;;5;;4;;3;;2;;1;;0;;1;;2;;
8;;7;;6;;5;;4;;3;;2;;1;;0;;1;;
9;;8;;7;;6;;5;;4;;3;;2;;1;;0;;
delta:1
Supplys(in rows):
s0_10;;s1_9;;s2_8;;s3_7;;s4_6;;s5_5;;s6_4;;s7_3;;s8_2;;s9_1;;
Demands(in cols):
d0_2;;d1_3;;d2_4;;d3_5;;d4_6;;d5_7;;d6_8;;d7_8;;d8_10;;d9_2;;
unit cost matrex:
0;;1;;2;;3;;4;;5;;6;;7;;8;;9;;
1;;0;;1;;2;;3;;4;;5;;6;;7;;8;;
2;;1;;0;;1;;2;;3;;4;;5;;6;;7;;
3;;2;;1;;0;;1;;2;;3;;4;;5;;6;;
4;;3;;2;;1;;0;;1;;2;;3;;4;;5;;
5;;4;;3;;2;;1;;0;;1;;2;;3;;4;;
6;;5;;4;;3;;2;;1;;0;;1;;2;;3;;
7;;6;;5;;4;;3;;2;;1;;0;;1;;2;;
8;;7;;6;;5;;4;;3;;2;;1;;0;;1;;
9;;8;;7;;6;;5;;4;;3;;2;;1;;0;;
delta:1
Supplys(in rows):
s0_10;;s1_9;;s2_8;;s3_7;;s4_6;;s5_5;;s6_4;;s7_3;;s8_2;;s9_1;;
Demands(in cols):
d0_2;;d1_3;;d2_4;;d3_5;;d4_6;;d5_7;;d6_8;;d7_8;;d8_10;;d9_2;;
unit cost matrex:
0;;1;;2;;3;;4;;5;;6;;7;;8;;9;;
1;;0;;1;;2;;3;;4;;5;;6;;7;;8;;
2;;1;;0;;1;;2;;3;;4;;5;;6;;7;;
3;;2;;1;;0;;1;;2;;3;;4;;5;;6;;
4;;3;;2;;1;;0;;1;;2;;3;;4;;5;;
5;;4;;3;;2;;1;;0;;1;;2;;3;;4;;
6;;5;;4;;3;;2;;1;;0;;1;;2;;3;;
7;;6;;5;;4;;3;;2;;1;;0;;1;;2;;
8;;7;;6;;5;;4;;3;;2;;1;;0;;1;;
9;;8;;7;;6;;5;;4;;3;;2;;1;;0;;
delta:1
Supplys(in rows):
s0_10;;s1_9;;s2_8;;s3_7;;s4_6;;s5_5;;s6_4;;s7_3;;s8_2;;s9_1;;
Demands(in cols):
d0_2;;d1_3;;d2_4;;d3_5;;d4_6;;d5_7;;d6_8;;d7_8;;d8_10;;d9_2;;
unit cost matrex:
0;;1;;2;;3;;4;;5;;6;;7;;8;;9;;
1;;0;;1;;2;;3;;4;;5;;6;;7;;8;;
2;;1;;0;;1;;2;;3;;4;;5;;6;;7;;
3;;2;;1;;0;;1;;2;;3;;4;;5;;6;;
4;;3;;2;;1;;0;;1;;2;;3;;4;;5;;
5;;4;;3;;2;;1;;0;;1;;2;;3;;4;;
6;;5;;4;;3;;2;;1;;0;;1;;2;;3;;
7;;6;;5;;4;;3;;2;;1;;0;;1;;2;;
8;;7;;6;;5;;4;;3;;2;;1;;0;;1;;
9;;8;;7;;6;;5;;4;;3;;2;;1;;0;;
delta:1
Supplys(in rows):
s0_10;;s1_9;;s2_8;;s3_7;;s4_6;;s5_5;;s6_4;;s7_3;;s8_2;;s9_1;;
Demands(in cols):
d0_2;;d1_3;;d2_4;;d3_5;;d4_6;;d5_7;;d6_8;;d7_8;;d8_10;;d9_2;;
unit cost matrex:
0;;1;;2;;3;;4;;5;;6;;7;;8;;9;;
1;;0;;1;;2;;3;;4;;5;;6;;7;;8;;
2;;1;;0;;1;;2;;3;;4;;5;;6;;7;;
3;;2;;1;;0;;1;;2;;3;;4;;5;;6;;
4;;3;;2;;1;;0;;1;;2;;3;;4;;5;;
5;;4;;3;;2;;1;;0;;1;;2;;3;;4;;
6;;5;;4;;3;;2;;1;;0;;1;;2;;3;;
7;;6;;5;;4;;3;;2;;1;;0;;1;;2;;
8;;7;;6;;5;;4;;3;;2;;1;;0;;1;;
9;;8;;7;;6;;5;;4;;3;;2;;1;;0;;
delta:1
Supplys(in rows):
s0_10;;s1_9;;s2_8;;s3_7;;s4_6;;s5_5;;s6_4;;s7_3;;s8_2;;s9_1;;
Demands(in cols):
d0_2;;d1_3;;d2_4;;d3_5;;d4_6;;d5_7;;d6_8;;d7_8;;d8_10;;d9_2;;
unit cost matrex:
0;;1;;2;;3;;4;;5;;6;;7;;8;;9;;
1;;0;;1;;2;;3;;4;;5;;6;;7;;8;;
2;;1;;0;;1;;2;;3;;4;;5;;6;;7;;
3;;2;;1;;0;;1;;2;;3;;4;;5;;6;;
4;;3;;2;;1;;0;;1;;2;;3;;4;;5;;
5;;4;;3;;2;;1;;0;;1;;2;;3;;4;;
6;;5;;4;;3;;2;;1;;0;;1;;2;;3;;
7;;6;;5;;4;;3;;2;;1;;0;;1;;2;;
8;;7;;6;;5;;4;;3;;2;;1;;0;;1;;
9;;8;;7;;6;;5;;4;;3;;2;;1;;0;;
delta:1
Supplys(in rows):
s0_10;;s1_9;;s2_8;;s3_7;;s4_6;;s5_5;;s6_4;;s7_3;;s8_2;;s9_1;;
Demands(in cols):
d0_2;;d1_3;;d2_4;;d3_5;;d4_6;;d5_7;;d6_8;;d7_8;;d8_10;;d9_2;;
unit cost matrex:
0;;1;;2;;3;;4;;5;;6;;7;;8;;9;;
1;;0;;1;;2;;3;;4;;5;;6;;7;;8;;
2;;1;;0;;1;;2;;3;;4;;5;;6;;7;;
3;;2;;1;;0;;1;;2;;3;;4;;5;;6;;
4;;3;;2;;1;;0;;1;;2;;3;;4;;5;;
5;;4;;3;;2;;1;;0;;1;;2;;3;;4;;
6;;5;;4;;3;;2;;1;;0;;1;;2;;3;;
7;;6;;5;;4;;3;;2;;1;;0;;1;;2;;
8;;7;;6;;5;;4;;3;;2;;1;;0;;1;;
9;;8;;7;;6;;5;;4;;3;;2;;1;;0;;
delta:1
Supplys(in rows):
s0_10;;s1_9;;s2_8;;s3_7;;s4_6;;s5_5;;s6_4;;s7_3;;s8_2;;s9_1;;
Demands(in cols):
d0_2;;d1_3;;d2_4;;d3_5;;d4_6;;d5_7;;d6_8;;d7_9;;d8_10;;d9_2;;
unit cost matrex:
0;;1;;2;;3;;4;;5;;6;;7;;8;;9;;
1;;0;;1;;2;;3;;4;;5;;6;;7;;8;;
2;;1;;0;;1;;2;;3;;4;;5;;6;;7;;
3;;2;;1;;0;;1;;2;;3;;4;;5;;6;;
4;;3;;2;;1;;0;;1;;2;;3;;4;;5;;
5;;4;;3;;2;;1;;0;;1;;2;;3;;4;;
6;;5;;4;;3;;2;;1;;0;;1;;2;;3;;
7;;6;;5;;4;;3;;2;;1;;0;;1;;2;;
8;;7;;6;;5;;4;;3;;2;;1;;0;;1;;
9;;8;;7;;6;;5;;4;;3;;2;;1;;0;;
delta:1
Supplys(in rows):
s0_10;;s1_9;;s2_8;;s3_7;;s4_6;;s5_5;;s6_4;;s7_3;;s8_2;;s9_1;;
Demands(in cols):
d0_2;;d1_3;;d2_4;;d3_5;;d4_6;;d5_7;;d6_8;;d7_9;;d8_10;;d9_2;;
unit cost matrex:
0;;1;;2;;3;;4;;5;;6;;7;;8;;9;;
1;;0;;1;;2;;3;;4;;5;;6;;7;;8;;
2;;1;;0;;1;;2;;3;;4;;5;;6;;7;;
3;;2;;1;;0;;1;;2;;3;;4;;5;;6;;
4;;3;;2;;1;;0;;1;;2;;3;;4;;5;;
5;;4;;3;;2;;1;;0;;1;;2;;3;;4;;
6;;5;;4;;3;;2;;1;;0;;1;;2;;3;;
7;;6;;5;;4;;3;;2;;1;;0;;1;;2;;
8;;7;;6;;5;;4;;3;;2;;1;;0;;1;;
9;;8;;7;;6;;5;;4;;3;;2;;1;;0;;
delta:1
Supplys(in rows):
s0_10;;s1_19;;s2_18;;s3_17;;s4_16;;s5_15;;s6_14;;s7_13;;s8_12;;s9_11;;
Demands(in cols):
d0_12;;d1_13;;d2_14;;d3_15;;d4_16;;d5_17;;d6_18;;d7_18;;d8_10;;d9_12;;
unit cost matrex:
0;;1;;2;;3;;4;;5;;6;;7;;8;;9;;
1;;0;;1;;2;;3;;4;;5;;6;;7;;8;;
2;;1;;0;;1;;2;;3;;4;;5;;6;;7;;
3;;2;;1;;0;;1;;2;;3;;4;;5;;6;;
4;;3;;2;;1;;0;;1;;2;;3;;4;;5;;
5;;4;;3;;2;;1;;0;;1;;2;;3;;4;;
6;;5;;4;;3;;2;;1;;0;;1;;2;;3;;
7;;6;;5;;4;;3;;2;;1;;0;;1;;2;;
8;;7;;6;;5;;4;;3;;2;;1;;0;;1;;
9;;8;;7;;6;;5;;4;;3;;2;;1;;0;;
delta:1
Supplys(in rows):
s0_10;;s1_19;;s2_18;;s3_17;;s4_16;;s5_15;;s6_14;;s7_13;;s8_12;;s9_11;;
Demands(in cols):
d0_12;;d1_13;;d2_14;;d3_15;;d4_16;;d5_17;;d6_18;;d7_18;;d8_10;;d9_12;;
unit cost matrex:
0;;1;;2;;3;;4;;5;;6;;7;;8;;9;;
1;;0;;1;;2;;3;;4;;5;;6;;7;;8;;
2;;1;;0;;1;;2;;3;;4;;5;;6;;7;;
3;;2;;1;;0;;1;;2;;3;;4;;5;;6;;
4;;3;;2;;1;;0;;1;;2;;3;;4;;5;;
5;;4;;3;;2;;1;;0;;1;;2;;3;;4;;
6;;5;;4;;3;;2;;1;;0;;1;;2;;3;;
7;;6;;5;;4;;3;;2;;1;;0;;1;;2;;
8;;7;;6;;5;;4;;3;;2;;1;;0;;1;;
9;;8;;7;;6;;5;;4;;3;;2;;1;;0;;
delta:1
Supplys(in rows):
s0_10;;s1_19;;s2_18;;s3_17;;s4_16;;s5_15;;s6_14;;s7_13;;s8_12;;s9_11;;
Demands(in cols):
d0_12;;d1_13;;d2_14;;d3_15;;d4_16;;d5_17;;d6_18;;d7_18;;d8_10;;d9_12;;
unit cost matrex:
0;;1;;2;;3;;4;;5;;6;;7;;8;;9;;
1;;0;;1;;2;;3;;4;;5;;6;;7;;8;;
2;;1;;0;;1;;2;;3;;4;;5;;6;;7;;
3;;2;;1;;0;;1;;2;;3;;4;;5;;6;;
4;;3;;2;;1;;0;;1;;2;;3;;4;;5;;
5;;4;;3;;2;;1;;0;;1;;2;;3;;4;;
6;;5;;4;;3;;2;;1;;0;;1;;2;;3;;
7;;6;;5;;4;;3;;2;;1;;0;;1;;2;;
8;;7;;6;;5;;4;;3;;2;;1;;0;;1;;
9;;8;;7;;6;;5;;4;;3;;2;;1;;0;;
delta:1
Supplys(in rows):
s0_10;;s1_19;;s2_18;;s3_17;;s4_16;;s5_15;;s6_14;;s7_13;;s8_12;;s9_11;;
Demands(in cols):
d0_12;;d1_13;;d2_14;;d3_15;;d4_16;;d5_17;;d6_18;;d7_8;;d8_10;;d9_12;;
unit cost matrex:
0;;1;;2;;3;;4;;5;;6;;7;;8;;9;;
1;;0;;1;;2;;3;;4;;5;;6;;7;;8;;
2;;1;;0;;1;;2;;3;;4;;5;;6;;7;;
3;;2;;1;;0;;1;;2;;3;;4;;5;;6;;
4;;3;;2;;1;;0;;1;;2;;3;;4;;5;;
5;;4;;3;;2;;1;;0;;1;;2;;3;;4;;
6;;5;;4;;3;;2;;1;;0;;1;;2;;3;;
7;;6;;5;;4;;3;;2;;1;;0;;1;;2;;
8;;7;;6;;5;;4;;3;;2;;1;;0;;1;;
9;;8;;7;;6;;5;;4;;3;;2;;1;;0;;
delta:1
Supplys(in rows):
s0_10;;s1_19;;s2_18;;s3_17;;s4_16;;s5_15;;s6_14;;s7_13;;s8_12;;s9_11;;
Demands(in cols):
d0_12;;d1_13;;d2_14;;d3_15;;d4_16;;d5_17;;d6_18;;d7_8;;d8_10;;d9_12;;
unit cost matrex:
0;;1;;2;;3;;4;;5;;6;;7;;8;;9;;
1;;0;;1;;2;;3;;4;;5;;6;;7;;8;;
2;;1;;0;;1;;2;;3;;4;;5;;6;;7;;
3;;2;;1;;0;;1;;2;;3;;4;;5;;6;;
4;;3;;2;;1;;0;;1;;2;;3;;4;;5;;
5;;4;;3;;2;;1;;0;;1;;2;;3;;4;;
6;;5;;4;;3;;2;;1;;0;;1;;2;;3;;
7;;6;;5;;4;;3;;2;;1;;0;;1;;2;;
8;;7;;6;;5;;4;;3;;2;;1;;0;;1;;
9;;8;;7;;6;;5;;4;;3;;2;;1;;0;;
delta:1
Supplys(in rows):
s0_10;;s1_19;;s2_18;;s3_17;;s4_16;;s5_15;;s6_14;;s7_13;;s8_12;;s9_11;;
Demands(in cols):
d0_12;;d1_13;;d2_14;;d3_15;;d4_16;;d5_17;;d6_18;;d7_8;;d8_10;;d9_12;;
unit cost matrex:
0;;1;;2;;3;;4;;5;;6;;7;;8;;9;;
1;;0;;1;;2;;3;;4;;5;;6;;7;;8;;
2;;1;;0;;1;;2;;3;;4;;5;;6;;7;;
3;;2;;1;;0;;1;;2;;3;;4;;5;;6;;
4;;3;;2;;1;;0;;1;;2;;3;;4;;5;;
5;;4;;3;;2;;1;;0;;1;;2;;3;;4;;
6;;5;;4;;3;;2;;1;;0;;1;;2;;3;;
7;;6;;5;;4;;3;;2;;1;;0;;1;;2;;
8;;7;;6;;5;;4;;3;;2;;1;;0;;1;;
9;;8;;7;;6;;5;;4;;3;;2;;1;;0;;
delta:1
Supplys(in rows):
s0_10;;s1_19;;s2_18;;s3_17;;s4_16;;s5_15;;s6_14;;s7_13;;s8_12;;s9_11;;
Demands(in cols):
d0_12;;d1_13;;d2_14;;d3_15;;d4_16;;d5_17;;d6_18;;d7_8;;d8_10;;d9_12;;
unit cost matrex:
0;;1;;2;;3;;4;;5;;6;;7;;8;;9;;
1;;0;;1;;2;;3;;4;;5;;6;;7;;8;;
2;;1;;0;;1;;2;;3;;4;;5;;6;;7;;
3;;2;;1;;0;;1;;2;;3;;4;;5;;6;;
4;;3;;2;;1;;0;;1;;2;;3;;4;;5;;
5;;4;;3;;2;;1;;0;;1;;2;;3;;4;;
6;;5;;4;;3;;2;;1;;0;;1;;2;;3;;
7;;6;;5;;4;;3;;2;;1;;0;;1;;2;;
8;;7;;6;;5;;4;;3;;2;;1;;0;;1;;
9;;8;;7;;6;;5;;4;;3;;2;;1;;0;;
delta:1
Supplys(in rows):
s0_10;;s1_19;;s2_18;;s3_17;;s4_16;;s5_15;;s6_14;;s7_13;;s8_12;;s9_11;;
Demands(in cols):
d0_12;;d1_13;;d2_14;;d3_15;;d4_16;;d5_17;;d6_18;;d7_8;;d8_10;;d9_12;;
unit cost matrex:
0;;1;;2;;3;;4;;5;;6;;7;;8;;9;;
1;;0;;1;;2;;3;;4;;5;;6;;7;;8;;
2;;1;;0;;1;;2;;3;;4;;5;;6;;7;;
3;;2;;1;;0;;1;;2;;3;;4;;5;;6;;
4;;3;;2;;1;;0;;1;;2;;3;;4;;5;;
5;;4;;3;;2;;1;;0;;1;;2;;3;;4;;
6;;5;;4;;3;;2;;1;;0;;1;;2;;3;;
7;;6;;5;;4;;3;;2;;1;;0;;1;;2;;
8;;7;;6;;5;;4;;3;;2;;1;;0;;1;;
9;;8;;7;;6;;5;;4;;3;;2;;1;;0;;
delta:1
Supplys(in rows):
s0_10;;s1_19;;s2_18;;s3_17;;s4_16;;s5_15;;s6_14;;s7_13;;s8_12;;s9_11;;
Demands(in cols):
d0_12;;d1_13;;d2_14;;d3_15;;d4_16;;d5_17;;d6_18;;d7_8;;d8_10;;d9_12;;
unit cost matrex:
0;;1;;2;;3;;4;;5;;6;;7;;8;;9;;
1;;0;;1;;2;;3;;4;;5;;6;;7;;8;;
2;;1;;0;;1;;2;;3;;4;;5;;6;;7;;
3;;2;;1;;0;;1;;2;;3;;4;;5;;6;;
4;;3;;2;;1;;0;;1;;2;;3;;4;;5;;
5;;4;;3;;2;;1;;0;;1;;2;;3;;4;;
6;;5;;4;;3;;2;;1;;0;;1;;2;;3;;
7;;6;;5;;4;;3;;2;;1;;0;;1;;2;;
8;;7;;6;;5;;4;;3;;2;;1;;0;;1;;
9;;8;;7;;6;;5;;4;;3;;2;;1;;0;;
delta:1
Supplys(in rows):
s0_10;;s1_19;;s2_18;;s3_17;;s4_16;;s5_15;;s6_14;;s7_13;;s8_12;;s9_11;;
Demands(in cols):
d0_12;;d1_13;;d2_14;;d3_15;;d4_16;;d5_17;;d6_18;;d7_8;;d8_10;;d9_12;;
unit cost matrex:
0;;1;;2;;3;;4;;5;;6;;7;;8;;9;;
1;;0;;1;;2;;3;;4;;5;;6;;7;;8;;
2;;1;;0;;1;;2;;3;;4;;5;;6;;7;;
3;;2;;1;;0;;1;;2;;3;;4;;5;;6;;
4;;3;;2;;1;;0;;1;;2;;3;;4;;5;;
5;;4;;3;;2;;1;;0;;1;;2;;3;;4;;
6;;5;;4;;3;;2;;1;;0;;1;;2;;3;;
7;;6;;5;;4;;3;;2;;1;;0;;1;;2;;
8;;7;;6;;5;;4;;3;;2;;1;;0;;1;;
9;;8;;7;;6;;5;;4;;3;;2;;1;;0;;
delta:1
