-0.00162073 -0.00314885 -0.00162073 -9.26144e-005 -9.26144e-005 -9.26144e-005 -9.26144e-005 -9.26144e-005 -9.26144e-005 -0.00162073 
-0.00129698 -0.00251985 -0.00129698 -7.41147e-005 -7.41147e-005 -7.41147e-005 -7.41147e-005 -7.41147e-005 -7.41147e-005 -0.00129698 
-0.000810988 -0.00157563 -0.000810988 -4.63426e-005 -4.63426e-005 -4.63426e-005 -4.63426e-005 -4.63426e-005 -4.63426e-005 -0.000810988 
-0.000486743 -0.000945669 -0.000486743 -2.78167e-005 -2.78167e-005 -2.78167e-005 -2.78167e-005 -2.78167e-005 -2.78167e-005 -0.000486743 
-0.000324544 -0.000630543 -0.000324544 -1.85482e-005 -1.85482e-005 -1.85482e-005 -1.85482e-005 -1.85482e-005 -1.85482e-005 -0.000324544 
-0.0001623 -0.00031532 -0.0001623 -9.27597e-006 -9.27597e-006 -9.27597e-006 -9.27597e-006 -9.27597e-006 -9.27597e-006 -0.0001623 
-0.000129841 -0.000252262 -0.000129838 -7.42078e-006 -7.42078e-006 -7.42078e-006 -7.42078e-006 -7.42078e-006 -7.42078e-006 -0.000129838 
-8.11554e-005 -0.000157673 -8.11554e-005 -4.63799e-006 -4.63799e-006 -4.63799e-006 -4.63799e-006 -4.63799e-006 -4.63799e-006 -8.11554e-005 
-4.86933e-005 -9.46075e-005 -4.86933e-005 -2.78279e-006 -2.78279e-006 -2.78279e-006 -2.78279e-006 -2.78279e-006 -2.78279e-006 -4.86933e-005 
-3.24659e-005 -6.30729e-005 -3.24696e-005 -1.85892e-006 -1.85892e-006 -1.85892e-006 -1.85892e-006 -1.85892e-006 -1.85892e-006 -3.24696e-005 
-1.62348e-005 -3.15383e-005 -1.62311e-005 -9.31323e-007 -9.31323e-007 -9.31323e-007 -9.31323e-007 -9.31323e-007 -9.31323e-007 -1.62311e-005 
-1.29901e-005 -2.52314e-005 -1.29901e-005 -7.45058e-007 -7.45058e-007 -7.45058e-007 -7.45058e-007 -7.45058e-007 -7.45058e-007 -1.29901e-005 
-8.11741e-006 -1.57692e-005 -8.11368e-006 -4.61936e-007 -4.61936e-007 -4.61936e-007 -4.61936e-007 -4.61936e-007 -4.61936e-007 -8.11368e-006 
-4.86895e-006 -9.46224e-006 -4.88013e-006 -2.83122e-007 -2.83122e-007 -2.83122e-007 -2.83122e-007 -2.83122e-007 -2.83122e-007 -4.88013e-006 
-3.24845e-006 -6.30692e-006 -3.25218e-006 -1.86265e-007 -1.86265e-007 -1.86265e-007 -1.86265e-007 -1.86265e-007 -1.86265e-007 -3.25218e-006 
-1.6205e-006 -3.15532e-006 -1.62423e-006 -9.31323e-008 -9.31323e-008 -9.31323e-008 -9.31323e-008 -9.31323e-008 -9.31323e-008 -1.62423e-006 
-1.2964e-006 -2.52575e-006 -1.2964e-006 -7.45058e-008 -7.45058e-008 -7.45058e-008 -7.45058e-008 -7.45058e-008 -7.45058e-008 -1.2964e-006 
-8.12113e-007 -1.5758e-006 -8.12113e-007 -4.84288e-008 -4.84288e-008 -4.84288e-008 -4.84288e-008 -4.84288e-008 -4.84288e-008 -8.12113e-007 
-4.88013e-007 -9.46224e-007 -4.88013e-007 -2.98023e-008 -2.98023e-008 -2.98023e-008 -2.98023e-008 -2.98023e-008 -2.98023e-008 -4.88013e-007 
-3.241e-007 -6.33299e-007 -3.27826e-007 -1.86265e-008 -1.86265e-008 -1.86265e-008 -1.86265e-008 -1.86265e-008 -1.86265e-008 -3.27826e-007 
