0 0 0 0.00143616 0 0 0 0 0.00143616 0.00287233 
0 0 0 0.00114893 0 0 0 0 0.00114893 0.00229786 
0 0 0 0.000718083 0 0 0 0 0.000718083 0.00143616 
0 0 0 0.000430852 0 0 0 0 0.000430852 0.000861701 
0 0 0 0.000287235 0 0 0 0 0.000287235 0.000574466 
0 0 0 0.000143617 0 0 0 0 0.000143617 0.000287235 
0 0 0 0.000114892 0 0 0 0 0.000114892 0.000229783 
0 0 0 7.18087e-005 0 0 0 0 7.18087e-005 0.000143617 
0 0 0 4.3083e-005 0 0 0 0 4.3083e-005 8.61697e-005 
0 0 0 2.87257e-005 0 0 0 0 2.87257e-005 5.74514e-005 
0 0 0 1.4361e-005 0 0 0 0 1.4361e-005 2.87257e-005 
0 0 0 1.14925e-005 0 0 0 0 1.14925e-005 2.29776e-005 
0 0 0 7.18236e-006 0 0 0 0 7.18236e-006 1.4361e-005 
0 0 0 4.31389e-006 0 0 0 0 4.31389e-006 8.6166e-006 
0 0 0 2.87592e-006 0 0 0 0 2.87592e-006 5.7444e-006 
0 0 0 1.43796e-006 0 0 0 0 1.43796e-006 2.87592e-006 
0 0 0 1.15111e-006 0 0 0 0 1.15111e-006 2.2985e-006 
0 0 0 7.18981e-007 0 0 0 0 7.18981e-007 1.43796e-006 
0 0 0 4.32134e-007 0 0 0 0 4.32134e-007 8.60542e-007 
0 0 0 2.90573e-007 0 0 0 0 2.90573e-007 5.81145e-007 
