-0.0115515 -0.00946689 -0.0115515 -0.00946689 -0.00738221 -0.0052976 -0.00321293 -0.00112832 -0.00112832 -0.00321293 
-0.00924504 -0.00757664 -0.00924504 -0.00757664 -0.00590825 -0.00423986 -0.0025714 -0.00090301 -0.00090301 -0.0025714 
-0.00578177 -0.00473839 -0.00578177 -0.00473839 -0.00369495 -0.00265157 -0.00160813 -0.000564754 -0.000564754 -0.00160813 
-0.00347048 -0.00284421 -0.00347048 -0.00284421 -0.00221789 -0.00159156 -0.000965297 -0.000338972 -0.000338972 -0.000965297 
-0.00231415 -0.0018965 -0.00231415 -0.0018965 -0.00147891 -0.00106126 -0.000643671 -0.000226021 -0.000226021 -0.000643671 
-0.00115728 -0.000948429 -0.00115728 -0.000948429 -0.000739574 -0.00053072 -0.000321865 -0.00011301 -0.00011301 -0.000321865 
-0.000925839 -0.000758767 -0.000925839 -0.000758767 -0.000591695 -0.000424564 -0.000257492 -9.04202e-005 -9.04202e-005 -0.000257492 
-0.000578701 -0.000474274 -0.000578701 -0.000474274 -0.000369847 -0.000265419 -0.000160933 -5.65052e-005 -5.65052e-005 -0.000160933 
-0.000347197 -0.000284553 -0.000347197 -0.000284553 -0.000221848 -0.000159204 -9.65595e-005 -3.38554e-005 -3.38554e-005 -9.65595e-005 
-0.000231504 -0.000189722 -0.000231504 -0.000189722 -0.000147939 -0.000106156 -6.44326e-005 -2.26498e-005 -2.26498e-005 -6.4373e-005 
-0.000115752 -9.4831e-005 -0.000115752 -9.48906e-005 -7.39694e-005 -5.31077e-005 -3.21865e-005 -1.13249e-005 -1.13249e-005 -3.21865e-005 
-9.2566e-005 -7.58767e-005 -9.2566e-005 -7.58767e-005 -5.91874e-005 -4.24385e-005 -2.57492e-005 -9.05991e-006 -9.05991e-006 -2.57492e-005 
-5.78165e-005 -4.73857e-005 -5.78165e-005 -4.73857e-005 -3.69549e-005 -2.65241e-005 -1.60336e-005 -5.60284e-006 -5.60284e-006 -1.60933e-005 
-3.46899e-005 -2.8491e-005 -3.46899e-005 -2.84314e-005 -2.21729e-005 -1.59144e-005 -9.59635e-006 -3.39746e-006 -3.39746e-006 -9.59635e-006 
-2.31266e-005 -1.89543e-005 -2.31266e-005 -1.89543e-005 -1.4782e-005 -1.06096e-005 -6.4373e-006 -2.26498e-006 -2.26498e-006 -6.4373e-006 
-1.15633e-005 -9.47714e-006 -1.15633e-005 -9.47714e-006 -7.39098e-006 -5.24521e-006 -3.15905e-006 -1.07288e-006 -1.07288e-006 -3.15905e-006 
-9.23872e-006 -7.56979e-006 -9.23872e-006 -7.56979e-006 -5.90086e-006 -4.23193e-006 -2.563e-006 -8.9407e-007 -8.9407e-007 -2.563e-006 
-5.78165e-006 -4.70877e-006 -5.78165e-006 -4.70877e-006 -3.69549e-006 -2.6226e-006 -1.60933e-006 -5.36442e-007 -5.36442e-007 -1.60933e-006 
-3.45707e-006 -2.80142e-006 -3.45707e-006 -2.80142e-006 -2.20537e-006 -1.54972e-006 -9.53674e-007 -2.98023e-007 -2.98023e-007 -9.53674e-007 
-2.32458e-006 -1.90735e-006 -2.32458e-006 -1.90735e-006 -1.49012e-006 -1.07288e-006 -6.55651e-007 -1.78814e-007 -1.78814e-007 -6.55651e-007 
