0.00317511 0.00158755 0 0.00158755 0 0 0 0 0.00158755 0.00317511 
0.0025401 0.00127006 0 0.00127006 0 0 0 0 0.00127006 0.0025401 
0.00158755 0.000793785 0 0.000793785 0 0 0 0 0.000793785 0.00158755 
0.000952542 0.000476271 0 0.000476271 0 0 0 0 0.000476271 0.000952542 
0.000635028 0.000317514 0 0.000317514 0 0 0 0 0.000317514 0.000635028 
0.000317514 0.000158757 0 0.000158757 0 0 0 0 0.000158757 0.000317514 
0.000254005 0.000127003 0 0.000127003 0 0 0 0 0.000127003 0.000254005 
0.000158757 7.93785e-005 0 7.93785e-005 0 0 0 0 7.93785e-005 0.000158757 
9.52482e-005 4.76241e-005 0 4.76241e-005 0 0 0 0 4.76241e-005 9.52482e-005 
6.35087e-005 3.17544e-005 0 3.17544e-005 0 0 0 0 3.17544e-005 6.35087e-005 
3.17544e-005 1.58846e-005 0 1.58846e-005 0 0 0 0 1.58846e-005 3.17544e-005 
2.54065e-005 1.27107e-005 0 1.27107e-005 0 0 0 0 1.27107e-005 2.54065e-005 
1.58846e-005 7.94232e-006 0 7.94232e-006 0 0 0 0 7.94232e-006 1.58846e-005 
9.53674e-006 4.76837e-006 0 4.76837e-006 0 0 0 0 4.76837e-006 9.53674e-006 
6.3628e-006 3.18885e-006 0 3.18885e-006 0 0 0 0 3.17395e-006 6.3628e-006 
3.18885e-006 1.59442e-006 0 1.59442e-006 0 0 0 0 1.59442e-006 3.18885e-006 
2.5481e-006 1.2815e-006 0 1.2815e-006 0 0 0 0 1.2815e-006 2.5481e-006 
1.59442e-006 8.04663e-007 0 8.04663e-007 0 0 0 0 8.04663e-007 1.59442e-006 
9.53674e-007 4.76837e-007 0 4.76837e-007 0 0 0 0 4.76837e-007 9.53674e-007 
6.4075e-007 3.27826e-007 0 3.27826e-007 0 0 0 0 3.27826e-007 6.4075e-007 
