-8.329e-005 -8.329e-005 -8.329e-005 -8.329e-005 -0.00154549 -8.329e-005 -0.00154549 -0.00154549 -8.329e-005 -8.329e-005 
-6.66529e-005 -6.66529e-005 -6.66529e-005 -6.66529e-005 -0.00123676 -6.66529e-005 -0.00123676 -0.00123676 -6.66529e-005 -6.66529e-005 
-4.16748e-005 -4.16748e-005 -4.16748e-005 -4.16748e-005 -0.000773311 -4.16748e-005 -0.000773311 -0.000773311 -4.16748e-005 -4.16748e-005 
-2.50116e-005 -2.50116e-005 -2.50116e-005 -2.50116e-005 -0.000464123 -2.50116e-005 -0.000464123 -0.000464123 -2.50116e-005 -2.50116e-005 
-1.66781e-005 -1.66781e-005 -1.66781e-005 -1.66781e-005 -0.00030946 -1.66781e-005 -0.00030946 -0.00030946 -1.66781e-005 -1.66781e-005 
-8.34092e-006 -8.34092e-006 -8.34092e-006 -8.34092e-006 -0.000154752 -8.34092e-006 -0.000154752 -0.000154752 -8.34092e-006 -8.34092e-006 
-6.67199e-006 -6.67199e-006 -6.67199e-006 -6.67199e-006 -0.000123806 -6.67199e-006 -0.000123806 -0.000123803 -6.67199e-006 -6.67199e-006 
-4.1686e-006 -4.1686e-006 -4.1686e-006 -4.1686e-006 -7.73817e-005 -4.1686e-006 -7.73817e-005 -7.73817e-005 -4.1686e-006 -4.1686e-006 
-2.49967e-006 -2.49967e-006 -2.49967e-006 -2.49967e-006 -4.64283e-005 -2.49967e-006 -4.64283e-005 -4.64283e-005 -2.49967e-006 -2.49967e-006 
-1.66893e-006 -1.66893e-006 -1.66893e-006 -1.66893e-006 -3.09572e-005 -1.66893e-006 -3.09572e-005 -3.09572e-005 -1.66893e-006 -1.66893e-006 
-8.34465e-007 -8.34465e-007 -8.34465e-007 -8.34465e-007 -1.54786e-005 -8.34465e-007 -1.54786e-005 -1.54749e-005 -8.34465e-007 -8.34465e-007 
-6.66827e-007 -6.66827e-007 -6.66827e-007 -6.66827e-007 -1.23829e-005 -6.66827e-007 -1.23829e-005 -1.23866e-005 -6.66827e-007 -6.66827e-007 
-4.13507e-007 -4.13507e-007 -4.13507e-007 -4.13507e-007 -7.73743e-006 -4.13507e-007 -7.73743e-006 -7.7337e-006 -4.13507e-007 -4.13507e-007 
-2.5332e-007 -2.5332e-007 -2.5332e-007 -2.5332e-007 -4.64171e-006 -2.5332e-007 -4.64171e-006 -4.64916e-006 -2.5332e-007 -2.5332e-007 
-1.67638e-007 -1.67638e-007 -1.67638e-007 -1.67638e-007 -3.09572e-006 -1.67638e-007 -3.09572e-006 -3.09944e-006 -1.67638e-007 -1.67638e-007 
-8.19564e-008 -8.19564e-008 -8.19564e-008 -8.19564e-008 -1.546e-006 -8.19564e-008 -1.546e-006 -1.546e-006 -8.19564e-008 -8.19564e-008 
-6.33299e-008 -6.33299e-008 -6.33299e-008 -6.33299e-008 -1.2368e-006 -6.33299e-008 -1.2368e-006 -1.2368e-006 -6.33299e-008 -6.33299e-008 
-4.09782e-008 -4.09782e-008 -4.09782e-008 -4.09782e-008 -7.71135e-007 -4.09782e-008 -7.7486e-007 -7.7486e-007 -4.09782e-008 -4.09782e-008 
-2.6077e-008 -2.6077e-008 -2.6077e-008 -2.6077e-008 -4.61936e-007 -2.6077e-008 -4.65661e-007 -4.61936e-007 -2.6077e-008 -2.6077e-008 
-1.49012e-008 -1.49012e-008 -1.49012e-008 -1.49012e-008 -3.09199e-007 -1.49012e-008 -3.09199e-007 -3.12924e-007 -1.49012e-008 -1.49012e-008 
