0.0037587 0.00187936 0 0 0.00187936 0.0037587 0.00563806 0.0037587 0.00187936 0 
0.00300696 0.0015035 0 0 0.0015035 0.00300696 0.00451043 0.00300696 0.0015035 0 
0.00187936 0.000939697 0 0 0.000939697 0.00187936 0.00281903 0.00187936 0.000939697 0 
0.00112763 0.00056383 0 0 0.00056383 0.00112763 0.00169143 0.00112763 0.00056383 0 
0.000751764 0.000375897 0 0 0.000375897 0.000751764 0.00112763 0.000751764 0.000375897 0 
0.000375897 0.000187963 0 0 0.000187963 0.000375897 0.00056383 0.000375897 0.000187963 0 
0.000300705 0.000150353 0 0 0.000150353 0.000300705 0.000451058 0.000300705 0.000150353 0 
0.000187963 9.39667e-005 0 0 9.39667e-005 0.000187963 0.00028193 0.000187963 9.39667e-005 0 
0.000112772 5.6386e-005 0 0 5.6386e-005 0.000112772 0.000169158 0.000112772 5.6386e-005 0 
7.51913e-005 3.76105e-005 0 0 3.76105e-005 7.51913e-005 0.000112772 7.51913e-005 3.76105e-005 0 
3.75807e-005 1.88053e-005 0 0 1.88053e-005 3.76105e-005 5.6386e-005 3.76105e-005 1.88053e-005 0 
3.01003e-005 1.50502e-005 0 0 1.50502e-005 3.00705e-005 4.51207e-005 3.00705e-005 1.50502e-005 0 
1.88053e-005 9.41753e-006 0 0 9.41753e-006 1.88053e-005 2.8193e-005 1.88053e-005 9.41753e-006 0 
1.12951e-005 5.66244e-006 0 0 5.66244e-006 1.12951e-005 1.69575e-005 1.12951e-005 5.66244e-006 0 
7.53999e-006 3.78489e-006 0 0 3.78489e-006 7.53999e-006 1.12951e-005 7.53999e-006 3.78489e-006 0 
3.78489e-006 1.87755e-006 0 0 1.90735e-006 3.78489e-006 5.66244e-006 3.78489e-006 1.90735e-006 0 
3.01003e-006 1.51992e-006 0 0 1.51992e-006 3.01003e-006 4.52995e-006 3.01003e-006 1.51992e-006 0 
1.90735e-006 9.53674e-007 0 0 9.53674e-007 1.90735e-006 2.83122e-006 1.90735e-006 9.53674e-007 0 
1.13249e-006 5.66244e-007 0 0 5.66244e-007 1.13249e-006 1.69873e-006 1.13249e-006 5.66244e-007 0 
7.7486e-007 3.8743e-007 0 0 3.8743e-007 7.7486e-007 1.16229e-006 7.7486e-007 3.8743e-007 0 
