-0.00602412 -0.00421581 -0.00602412 -0.00421581 -0.00240749 -0.000599176 -0.00240749 -0.00421581 -0.00602412 -0.00421581 
-0.00482103 -0.00337386 -0.00482103 -0.00337386 -0.00192669 -0.000479519 -0.00192669 -0.00337386 -0.00482103 -0.00337386 
-0.0030148 -0.00210983 -0.0030148 -0.00210983 -0.00120485 -0.000299871 -0.00120485 -0.00210983 -0.0030148 -0.00210983 
-0.00180954 -0.00126636 -0.00180954 -0.00126636 -0.000723153 -0.000179976 -0.000723153 -0.00126636 -0.00180954 -0.00126636 
-0.00120658 -0.000844389 -0.00120658 -0.000844389 -0.000482202 -0.000120014 -0.000482202 -0.000844389 -0.00120658 -0.000844389 
-0.000603408 -0.000422269 -0.000603408 -0.000422269 -0.000241131 -6.00219e-005 -0.000241131 -0.000422269 -0.000603408 -0.000422269 
-0.000482708 -0.000337809 -0.000482738 -0.000337809 -0.00019291 -4.80115e-005 -0.00019291 -0.000337809 -0.000482738 -0.000337809 
-0.000301719 -0.000211149 -0.000301719 -0.000211149 -0.00012058 -3.00109e-005 -0.00012058 -0.000211149 -0.000301719 -0.000211149 
-0.000181019 -0.00012669 -0.000181019 -0.00012669 -7.23302e-005 -1.80006e-005 -7.23302e-005 -0.00012669 -0.000181019 -0.00012669 
-0.000120729 -8.44896e-005 -0.000120699 -8.44896e-005 -4.825e-005 -1.20103e-005 -4.825e-005 -8.44896e-005 -0.000120699 -8.44896e-005 
-6.03497e-005 -4.22299e-005 -6.03497e-005 -4.22299e-005 -2.41101e-005 -6.02007e-006 -2.41399e-005 -4.22299e-005 -6.03497e-005 -4.22299e-005 
-4.83096e-005 -3.37958e-005 -4.82798e-005 -3.37958e-005 -1.93119e-005 -4.79817e-006 -1.93119e-005 -3.37958e-005 -4.82798e-005 -3.37958e-005 
-3.016e-005 -2.11e-005 -3.016e-005 -2.11e-005 -1.20401e-005 -2.98023e-006 -1.20401e-005 -2.11e-005 -3.016e-005 -2.11e-005 
-1.81496e-005 -1.26958e-005 -1.809e-005 -1.26958e-005 -7.27177e-006 -1.78814e-006 -7.21216e-006 -1.26958e-005 -1.809e-005 -1.26958e-005 
-1.20699e-005 -8.46386e-006 -1.20699e-005 -8.46386e-006 -4.82798e-006 -1.19209e-006 -4.82798e-006 -8.46386e-006 -1.20699e-005 -8.46386e-006 
-6.02007e-006 -4.20213e-006 -6.02007e-006 -4.20213e-006 -2.41399e-006 -5.96046e-007 -2.41399e-006 -4.20213e-006 -6.02007e-006 -4.20213e-006 
-4.82798e-006 -3.36766e-006 -4.82798e-006 -3.36766e-006 -1.90735e-006 -4.76837e-007 -1.90735e-006 -3.36766e-006 -4.82798e-006 -3.36766e-006 
-3.01003e-006 -2.11596e-006 -3.01003e-006 -2.11596e-006 -1.19209e-006 -2.98023e-007 -1.19209e-006 -2.11596e-006 -3.01003e-006 -2.11596e-006 
-1.78814e-006 -1.2517e-006 -1.81794e-006 -1.2517e-006 -7.15256e-007 -1.78814e-007 -7.15256e-007 -1.2517e-006 -1.81794e-006 -1.2517e-006 
-1.2219e-006 -8.34465e-007 -1.19209e-006 -8.34465e-007 -4.76837e-007 -1.19209e-007 -4.76837e-007 -8.34465e-007 -1.19209e-006 -8.34465e-007 
