-0.0073449 -0.00899589 -0.0073449 -0.00569391 -0.00404295 -0.00239196 -0.000740975 -0.00239196 -0.00239196 -0.000740975 
-0.00587785 -0.00719908 -0.00587785 -0.00455663 -0.00323543 -0.0019142 -0.000592977 -0.0019142 -0.0019142 -0.000592977 
-0.00367549 -0.00450164 -0.00367549 -0.00284931 -0.00202313 -0.00119695 -0.0003708 -0.00119695 -0.00119695 -0.0003708 
-0.002206 -0.00270188 -0.002206 -0.00171015 -0.00121427 -0.000718415 -0.000222534 -0.000718415 -0.000718415 -0.000222534 
-0.00147092 -0.00180155 -0.00147092 -0.00114027 -0.00080964 -0.000479013 -0.000148386 -0.000479013 -0.000479013 -0.000148386 
-0.000735581 -0.000900924 -0.000735581 -0.000570238 -0.000404894 -0.000239551 -7.42078e-005 -0.000239551 -0.000239551 -7.42078e-005 
-0.000588447 -0.000720739 -0.000588447 -0.000456184 -0.000323892 -0.000191629 -5.93364e-005 -0.000191629 -0.000191629 -5.93364e-005 
-0.00036782 -0.000450492 -0.00036782 -0.000285119 -0.000202447 -0.000119776 -3.71039e-005 -0.000119776 -0.000119776 -3.71039e-005 
-0.000220656 -0.000270277 -0.000220686 -0.000171065 -0.000121444 -7.18534e-005 -2.22325e-005 -7.18534e-005 -7.18534e-005 -2.22325e-005 
-0.000147134 -0.000180215 -0.000147134 -0.000114083 -8.10027e-005 -4.79221e-005 -1.48416e-005 -4.79221e-005 -4.79221e-005 -1.48416e-005 
-7.35521e-005 -9.00924e-005 -7.35521e-005 -5.70118e-005 -4.04716e-005 -2.39611e-005 -7.42078e-006 -2.39611e-005 -2.39611e-005 -7.42078e-006 
-5.88596e-005 -7.20918e-005 -5.88596e-005 -4.56274e-005 -3.23951e-005 -1.91629e-005 -5.93066e-006 -1.91629e-005 -1.91629e-005 -5.93066e-006 
-3.67463e-005 -4.50313e-005 -3.67463e-005 -2.8491e-005 -2.0206e-005 -1.19507e-005 -3.69549e-006 -1.19507e-005 -1.19507e-005 -3.69549e-006 
-2.20835e-005 -2.70009e-005 -2.20537e-005 -1.71363e-005 -1.21593e-005 -7.21216e-006 -2.23517e-006 -7.15256e-006 -7.15256e-006 -2.23517e-006 
-1.47223e-005 -1.80006e-005 -1.46925e-005 -1.14143e-005 -8.10623e-006 -4.76837e-006 -1.46031e-006 -4.76837e-006 -4.76837e-006 -1.46031e-006 
-7.33137e-006 -8.9705e-006 -7.33137e-006 -5.66244e-006 -4.02331e-006 -2.35438e-006 -7.15256e-007 -2.35438e-006 -2.35438e-006 -7.15256e-007 
-5.84126e-006 -7.18236e-006 -5.84126e-006 -4.52995e-006 -3.21865e-006 -1.87755e-006 -5.66244e-007 -1.87755e-006 -1.87755e-006 -5.66244e-007 
-3.66569e-006 -4.50015e-006 -3.66569e-006 -2.83122e-006 -1.99676e-006 -1.16229e-006 -3.57628e-007 -1.16229e-006 -1.16229e-006 -3.57628e-007 
-2.17557e-006 -2.68221e-006 -2.20537e-006 -1.69873e-006 -1.19209e-006 -6.85453e-007 -2.08616e-007 -6.85453e-007 -6.85453e-007 -2.08616e-007 
-1.46031e-006 -1.78814e-006 -1.46031e-006 -1.13249e-006 -8.04663e-007 -4.76837e-007 -1.19209e-007 -4.47035e-007 -4.76837e-007 -1.19209e-007 
