-0.000411332 -0.00238022 -0.00434911 -0.00631802 -0.00434911 -0.00238022 -0.00238022 -0.000411332 -0.00238022 -0.00434911 
-0.000329196 -0.00190493 -0.00348067 -0.0050564 -0.00348067 -0.00190493 -0.00190493 -0.000329196 -0.00190493 -0.00348067 
-0.000205874 -0.00119129 -0.0021767 -0.00316212 -0.0021767 -0.00119129 -0.00119129 -0.000205874 -0.00119129 -0.0021767 
-0.000123575 -0.000715047 -0.00130653 -0.00189802 -0.00130653 -0.000715047 -0.000715047 -0.000123575 -0.000715047 -0.00130653 
-8.24034e-005 -0.000476792 -0.000871196 -0.0012656 -0.000871196 -0.000476792 -0.000476792 -8.24034e-005 -0.000476792 -0.000871196 
-4.12017e-005 -0.000238448 -0.00043568 -0.000632927 -0.00043568 -0.000238448 -0.000238448 -4.12017e-005 -0.000238448 -0.00043568 
-3.29614e-005 -0.00019075 -0.000348553 -0.000506356 -0.000348553 -0.00019075 -0.00019075 -3.29614e-005 -0.00019075 -0.000348553 
-2.06083e-005 -0.000119239 -0.00021787 -0.000316501 -0.00021787 -0.000119239 -0.000119239 -2.06083e-005 -0.000119239 -0.00021787 
-1.23531e-005 -7.15405e-005 -0.000130713 -0.0001899 -0.000130713 -7.15405e-005 -7.15405e-005 -1.23531e-005 -7.15405e-005 -0.000130713 
-8.25524e-006 -4.77135e-005 -8.71718e-005 -0.000126615 -8.71718e-005 -4.77135e-005 -4.77135e-005 -8.25524e-006 -4.77135e-005 -8.71718e-005 
-4.12762e-006 -2.38568e-005 -4.3571e-005 -6.3315e-005 -4.3571e-005 -2.38419e-005 -2.38419e-005 -4.11272e-006 -2.38419e-005 -4.3571e-005 
-3.29316e-006 -1.90735e-005 -3.48538e-005 -5.06341e-005 -3.48538e-005 -1.90735e-005 -1.90735e-005 -3.29316e-006 -1.90735e-005 -3.48538e-005 
-2.04146e-006 -1.1906e-005 -2.17706e-005 -3.16352e-005 -2.17706e-005 -1.19209e-005 -1.19209e-005 -2.05636e-006 -1.19209e-005 -2.17706e-005 
-1.2219e-006 -7.15256e-006 -1.30981e-005 -1.89841e-005 -1.30981e-005 -7.16746e-006 -7.15256e-006 -1.2517e-006 -7.16746e-006 -1.30683e-005 
-8.19564e-007 -4.76837e-006 -8.73208e-006 -1.2666e-005 -8.73208e-006 -4.76837e-006 -4.76837e-006 -8.19564e-007 -4.76837e-006 -8.71718e-006 
-4.02331e-007 -2.38419e-006 -4.35114e-006 -6.31809e-006 -4.35114e-006 -2.38419e-006 -2.38419e-006 -4.02331e-007 -2.38419e-006 -4.35114e-006 
-3.27826e-007 -1.90735e-006 -3.47197e-006 -5.06639e-006 -3.47197e-006 -1.90735e-006 -1.90735e-006 -3.27826e-007 -1.90735e-006 -3.47197e-006 
-2.08616e-007 -1.19209e-006 -2.17557e-006 -3.15905e-006 -2.17557e-006 -1.19209e-006 -1.19209e-006 -2.08616e-007 -1.19209e-006 -2.17557e-006 
-1.19209e-007 -7.15256e-007 -1.2964e-006 -1.89245e-006 -1.2964e-006 -7.15256e-007 -7.15256e-007 -1.19209e-007 -7.15256e-007 -1.2964e-006 
-7.45058e-008 -4.76837e-007 -8.79169e-007 -1.2666e-006 -8.79169e-007 -4.76837e-007 -4.76837e-007 -7.45058e-008 -4.76837e-007 -8.79169e-007 
